4.67262e-05
-0.00957531
0.470038
0.00012954
0.010428
20.2581
6.91021e-06
-0.00076302
5.18121e-05
-0.0107227
0.54796
0.00016472
0.0158283
18.7592
9.45358e-06
-0.0010536
6.18139e-05
-0.0127339
0.677916
0.000178454
0.0136847
16.1579
8.29464e-06
-0.000956878
6.74257e-05
-0.0138568
0.749328
0.000186378
0.00700626
14.7856
6.31118e-06
-0.000724197
6.59665e-05
-0.0137015
0.745648
0.000179126
0.00830657
14.8512
6.39682e-06
-0.000742837
5.64113e-05
-0.0123591
0.699329
0.00013937
0.00851374
14.9137
2.34677e-06
-0.000420875
6.31919e-05
-0.0134024
0.737665
0.000163282
0.00935563
15.0444
6.15447e-06
-0.000728119
6.16184e-05
-0.0132326
0.7332
0.000146417
0.0123986
15.1274
6.76341e-06
-0.000797589
5.98542e-05
-0.0130502
0.729341
0.000132659
0.0159471
15.1972
7.72262e-06
-0.000908729
5.48783e-05
-0.0124708
0.714971
0.000115589
0.0514691
15.1867
1.68503e-05
-0.00205991
5.74901e-05
-0.0128701
0.731214
0.000128282
0.0178426
15.1784
8.19875e-06
-0.000966924
5.72028e-05
-0.0129824
0.747032
0.00013304
0.0255158
14.8324
1.00194e-05
-0.00121515
5.63861e-05
-0.0129002
0.74583
0.000128541
0.0180855
14.888
7.47455e-06
-0.00092077
5.641e-05
-0.0130429
0.760751
0.000109955
0.0281841
14.6167
1.02264e-05
-0.00124431
5.61041e-05
-0.0131117
0.771256
9.91567e-05
0.0287858
14.4384
1.00794e-05
-0.00123695
4.66223e-05
-0.00956368
0.471881
0.000131624
0.0104224
20.218
6.72542e-06
-0.000801471
4.65482e-05
-0.0100642
0.531224
0.000135844
0.038439
18.6649
1.50901e-05
-0.00181139
6.20995e-05
-0.0127619
0.681007
0.000177975
0.012518
16.0873
7.41804e-06
-0.000928523
6.73805e-05
-0.0138625
0.752654
0.000170528
0.00855588
14.7089
6.45203e-06
-0.000797591
6.58041e-05
-0.0136924
0.748622
0.000186928
0.00940335
14.7802
6.7007e-06
-0.000840034
6.39488e-05
-0.0134919
0.743445
0.00015777
0.0150559
14.8548
7.78908e-06
-0.000973774
6.31283e-05
-0.0133984
0.74016
0.000146579
0.00950416
14.9743
5.93696e-06
-0.000752093
6.11489e-05
-0.0131967
0.736284
0.000168063
0.0127334
15.0485
7.33869e-06
-0.00092067
5.19858e-05
-0.0118901
0.690689
9.86475e-05
0.0118858
15.0754
1.93232e-06
-0.00045647
5.84189e-05
-0.0129371
0.733083
0.000133081
0.0218324
15.0955
9.01189e-06
-0.0011436
5.72744e-05
-0.0128534
0.733867
0.000123522
0.0220247
15.1001
8.83522e-06
-0.00112073
5.72949e-05
-0.0130016
0.750686
0.000126413
0.0270173
14.7573
1.00961e-05
-0.00129338
5.59504e-05
-0.012871
0.748453
0.000110189
0.030238
14.8155
1.07679e-05
-0.00136832
5.62293e-05
-0.0130369
0.764277
8.98496e-05
0.031984
14.5206
1.05888e-05
-0.00136471
5.59675e-05
-0.0130997
0.773332
6.64656e-05
0.0333592
14.3671
1.06671e-05
-0.00136548
4.6273e-05
-0.00952678
0.473478
0.000104947
0.0159314
20.1409
7.70681e-06
-0.000975539
5.18452e-05
-0.0107349
0.554241
0.000146771
0.0172811
18.5947
8.86469e-06
-0.00112359
6.19669e-05
-0.0127583
0.683852
0.000167809
0.0177045
16.0179
8.54939e-06
-0.00112176
6.71619e-05
-0.013847
0.75535
0.000175044
0.0106823
14.6384
7.13545e-06
-0.000931069
6.36448e-05
-0.0133793
0.740356
0.000107751
0.0175371
14.6678
6.35794e-06
-0.000908074
6.37557e-05
-0.0134797
0.746408
0.000145195
0.0208005
14.7742
9.09859e-06
-0.00119306
6.25246e-05
-0.0133434
0.742718
0.000139965
0.017753
14.8532
7.74308e-06
-0.00104485
6.1272e-05
-0.0132262
0.74006
0.000110262
0.0194686
14.9647
8.39555e-06
-0.00109447
5.92279e-05
-0.0129941
0.734433
0.000113193
0.0253526
15.0099
9.40806e-06
-0.0012513
5.82938e-05
-0.0129423
0.736907
0.000128446
0.02638
15.0013
1.00186e-05
-0.00132434
5.73644e-05
-0.0128685
0.737149
9.83529e-05
0.0240677
15.019
8.84248e-06
-0.00118342
5.70268e-05
-0.0129835
0.75355
0.000119548
0.0292986
14.6779
1.064e-05
-0.00140901
5.62772e-05
-0.0128883
0.750471
0.000103964
0.0170218
14.7584
6.34106e-06
-0.000906298
5.58722e-05
-0.0129959
0.766215
0.00012291
0.0335418
14.4553
1.12715e-05
-0.00151943
5.58263e-05
-0.0130797
0.775473
6.64051e-05
0.0375841
14.2958
1.13918e-05
-0.00153579
4.63936e-05
-0.00953552
0.475062
0.00010034
0.0141114
20.1461
7.23462e-06
-0.000961304
5.20746e-05
-0.0107728
0.558154
0.000122246
0.0174616
18.5237
8.49532e-06
-0.00112438
6.18023e-05
-0.0127431
0.686001
0.000143746
0.0205253
15.9632
9.028e-06
-0.00122736
5.95464e-05
-0.0127182
0.716915
0.000139246
0.00920228
14.5746
2.2572e-06
-0.000578464
6.54629e-05
-0.0136837
0.755088
0.000140299
0.0198129
14.6167
8.88448e-06
-0.00120669
6.3828e-05
-0.0134968
0.749904
0.000133075
0.0212216
14.6991
8.85738e-06
-0.00122056
6.28982e-05
-0.0133977
0.747025
0.000136929
0.0219587
14.8133
8.80678e-06
-0.00123288
6.04128e-05
-0.0131221
0.740084
0.000126289
0.0260847
14.8938
1.01411e-05
-0.00138189
5.87428e-05
-0.0129499
0.736938
0.000100826
0.0317999
14.9099
1.09705e-05
-0.0014985
5.82944e-05
-0.012949
0.740076
9.66134e-05
0.0260944
14.9216
9.45961e-06
-0.00130563
5.70076e-05
-0.0128321
0.739315
0.000110242
0.0290825
14.9562
1.01802e-05
-0.00141681
5.7059e-05
-0.012974
0.755076
0.000114874
0.0323767
14.6265
1.09665e-05
-0.00152199
5.59091e-05
-0.0128627
0.753085
7.52579e-05
0.036735
14.6908
1.12809e-05
-0.00157572
5.56865e-05
-0.0129681
0.767341
7.80943e-05
0.0378045
14.4092
1.16138e-05
-0.0016223
5.55008e-05
-0.0130376
0.776691
5.64887e-05
0.0409146
14.2416
1.19837e-05
-0.0016712
4.62401e-05
-0.00951586
0.476561
8.70517e-05
0.0153239
20.113
7.40794e-06
-0.00102704
5.14631e-05
-0.010685
0.55786
0.000124894
0.0195891
18.4557
8.72245e-06
-0.00122237
6.15943e-05
-0.0127239
0.688025
0.000137069
0.0212535
15.9268
9.29306e-06
-0.00130192
6.65587e-05
-0.0137878
0.759412
0.000135812
0.0176374
14.5061
8.26975e-06
-0.0011784
5.77046e-05
-0.0125323
0.716691
0.000110146
0.0119081
14.4998
2.31328e-06
-0.000647539
6.30229e-05
-0.0133989
0.749973
0.000120546
0.0289503
14.6254
1.07279e-05
-0.00150794
6.28522e-05
-0.013397
0.749699
0.000117947
0.0211683
14.7498
8.32071e-06
-0.00121864
5.35545e-05
-0.0120733
0.703732
0.00010409
0.0130659
14.8265
2.17249e-06
-0.00065605
5.88379e-05
-0.0129544
0.739305
8.19804e-05
0.0309126
14.8476
1.01322e-05
-0.00145916
5.7294e-05
-0.012838
0.741316
0.00011634
0.0357474
14.8063
1.20596e-05
-0.00170645
5.6371e-05
-0.0127713
0.741126
0.000121822
0.0362029
14.9013
1.27552e-05
-0.00176732
5.73076e-05
-0.0129919
0.75755
6.99417e-05
0.0344693
14.557
1.03192e-05
-0.00152045
5.56429e-05
-0.0128299
0.754793
7.01631e-05
0.0380378
14.6398
1.15274e-05
-0.00166208
5.5158e-05
-0.0128887
0.766419
3.96288e-05
0.0426255
14.3731
1.21008e-05
-0.00174685
5.52967e-05
-0.0130018
0.777529
4.05408e-05
0.0425647
14.2002
1.19482e-05
-0.0017323
4.61842e-05
-0.00949856
0.477883
7.6171e-05
0.016203
20.0829
7.34384e-06
-0.00107474
5.10214e-05
-0.0106173
0.557296
9.90671e-05
0.0226641
18.4305
9.1272e-06
-0.00132091
6.11255e-05
-0.0126554
0.687968
0.000123806
0.024654
15.8793
9.98289e-06
-0.00143679
5.90979e-05
-0.0126678
0.721212
0.000120187
0.0102178
14.4374
2.10841e-06
-0.000667236
6.46607e-05
-0.0135909
0.758854
0.000119942
0.0259553
14.4348
9.90763e-06
-0.00145321
6.22584e-05
-0.0133068
0.750137
9.52503e-05
0.0406046
14.5515
1.34542e-05
-0.00190003
6.21558e-05
-0.0133092
0.749826
0.00010707
0.0256842
14.6948
9.52235e-06
-0.0014137
5.97913e-05
-0.0130814
0.746873
0.0001202
0.0340279
14.7093
1.24764e-05
-0.00176213
5.88478e-05
-0.0129598
0.742024
7.89234e-05
0.0309228
14.8187
1.02574e-05
-0.0015204
5.82298e-05
-0.0129368
0.745153
7.66694e-05
0.0300784
14.7888
9.79354e-06
-0.00147628
5.68942e-05
-0.0128102
0.743767
9.30821e-05
0.0329809
14.8365
1.06174e-05
-0.00159628
5.67656e-05
-0.0129444
0.759902
7.19117e-05
0.0380328
14.4937
1.18545e-05
-0.00173796
5.56801e-05
-0.012825
0.756572
4.65185e-05
0.0376051
14.5856
1.09955e-05
-0.00164419
5.54688e-05
-0.0129098
0.768772
4.07695e-05
0.0425928
14.3393
1.18463e-05
-0.00178168
5.53039e-05
-0.0129863
0.779143
2.48629e-05
0.0421912
14.1444
1.12207e-05
-0.00171726
4.59118e-05
-0.00946032
0.479079
8.46779e-05
0.0171952
20.0519
7.71432e-06
-0.00117364
5.04729e-05
-0.0105334
0.556441
9.58594e-05
0.0231313
18.4134
8.99367e-06
-0.00136709
6.06239e-05
-0.0125877
0.688307
0.000105448
0.0276726
15.8274
1.03989e-05
-0.00154379
6.63466e-05
-0.0137582
0.764003
0.000104017
0.0237201
14.3658
9.0846e-06
-0.00139714
6.23527e-05
-0.0132879
0.751735
9.00821e-05
0.0422838
14.3808
1.36823e-05
-0.0019823
5.96596e-05
-0.0129783
0.74337
8.22751e-05
0.0543472
14.4636
1.69147e-05
-0.00238425
6.07484e-05
-0.0131419
0.748882
9.73346e-05
0.036816
14.5763
1.21598e-05
-0.00180782
6.05148e-05
-0.0131357
0.748967
0.000103493
0.0312244
14.6927
1.07006e-05
-0.00162812
5.89107e-05
-0.0129554
0.74421
7.26533e-05
0.0307399
14.7618
9.84283e-06
-0.00153493
5.81846e-05
-0.0129285
0.747477
6.39924e-05
0.0316029
14.7329
9.9153e-06
-0.00154682
5.68762e-05
-0.0127972
0.745575
7.95118e-05
0.0304638
14.776
9.57428e-06
-0.00152029
5.71034e-05
-0.0129679
0.762408
4.67303e-05
0.0352297
14.4296
1.01764e-05
-0.00160525
5.50173e-05
-0.0127545
0.758215
6.71328e-05
0.0389163
14.5365
1.19637e-05
-0.00180988
5.531e-05
-0.0128794
0.769739
3.62815e-05
0.0422906
14.3064
1.15996e-05
-0.00180452
5.5e-05
-0.0129418
0.780244
3.62494e-05
0.0446632
14.1036
1.18385e-05
-0.0018586
4.57319e-05
-0.00941656
0.47891
5.59568e-05
0.0187324
20.0291
7.41334e-06
-0.00119599
5.00208e-05
-0.0104668
0.555796
5.86884e-05
0.0253024
18.4027
9.22731e-06
-0.00142957
6.06005e-05
-0.0125829
0.69085
9.85748e-05
0.0276051
15.7701
1.02566e-05
-0.00157523
6.62762e-05
-0.0137469
0.766256
0.000106151
0.0240187
14.3174
9.13619e-06
-0.00145404
6.44393e-05
-0.0135565
0.762901
9.52759e-05
0.0293547
14.3299
1.03315e-05
-0.00161199
6.35888e-05
-0.0134761
0.761409
9.60694e-05
0.0288006
14.4106
9.96743e-06
-0.00158263
6.25607e-05
-0.0133728
0.758756
6.02016e-05
0.0256158
14.4932
8.63145e-06
-0.00141045
6.07794e-05
-0.0131561
0.751574
7.11444e-05
0.0267208
14.6309
8.75492e-06
-0.00144489
5.86328e-05
-0.0129107
0.745311
6.76808e-05
0.0331576
14.7109
1.02961e-05
-0.00165178
5.82321e-05
-0.012921
0.74952
5.37875e-05
0.0312485
14.6769
9.54192e-06
-0.00155845
5.69122e-05
-0.0128036
0.748786
6.75685e-05
0.032983
14.7111
9.94264e-06
-0.00162607
5.68789e-05
-0.0129309
0.763864
5.96507e-05
0.039688
14.3879
1.13672e-05
-0.00182007
5.54184e-05
-0.0127659
0.759511
6.25528e-05
0.0383136
14.497
1.08839e-05
-0.00177235
5.53818e-05
-0.0128631
0.770796
2.23093e-05
0.0417253
14.2658
1.07853e-05
-0.00178018
5.5146e-05
-0.0129405
0.781981
1.29201e-05
0.0468679
14.0507
1.1609e-05
-0.00190642
4.44232e-05
-0.00923857
0.475141
3.63653e-05
0.0229659
20.009
8.45765e-06
-0.00136056
5.03073e-05
-0.010494
0.559377
6.45792e-05
0.0251215
18.3371
9.04647e-06
-0.00146839
5.99551e-05
-0.0124772
0.688887
6.5421e-05
0.0310256
15.7422
1.04331e-05
-0.00165797
6.60903e-05
-0.0137046
0.767421
8.78055e-05
0.0237377
14.2331
8.37059e-06
-0.00143021
6.13273e-05
-0.0131505
0.753016
7.64336e-05
0.0455394
14.2716
1.43691e-05
-0.00216929
6.35043e-05
-0.0134521
0.762831
7.17118e-05
0.0288632
14.354
9.47588e-06
-0.00157663
6.22131e-05
-0.013305
0.757911
6.05736e-05
0.0272947
14.4882
8.81319e-06
-0.00149719
6.07434e-05
-0.013134
0.7528
5.16826e-05
0.0293137
14.5917
8.9833e-06
-0.00153363
5.88163e-05
-0.012929
0.748495
6.1894e-05
0.0328369
14.6571
9.84248e-06
-0.00165954
5.7989e-05
-0.0128915
0.751996
6.30379e-05
0.0335421
14.6068
1.01731e-05
-0.00169729
5.68651e-05
-0.0127806
0.750487
5.47834e-05
0.0299507
14.65
8.77572e-06
-0.00154235
5.69693e-05
-0.0129296
0.766377
5.48263e-05
0.0381023
14.3297
1.05381e-05
-0.00178807
5.56437e-05
-0.0127653
0.760376
1.20392e-05
0.0377166
14.4647
9.6751e-06
-0.00168411
5.53879e-05
-0.0128408
0.771626
1.1431e-05
0.0409886
14.2376
1.03202e-05
-0.00177765
5.48082e-05
-0.0128796
0.782035
2.45078e-05
0.0434958
14.0358
1.09545e-05
-0.00187555
4.43528e-05
-0.00920278
0.475273
1.74374e-05
0.0236016
19.9867
7.95873e-06
-0.00136486
4.88389e-05
-0.0102657
0.551764
1.64981e-05
0.0304636
18.3793
9.60667e-06
-0.00158808
5.97829e-05
-0.012433
0.689311
7.06245e-05
0.0315751
15.713
1.02958e-05
-0.00170858
6.56408e-05
-0.0136383
0.767523
6.2642e-05
0.028563
14.1939
9.31776e-06
-0.00159326
6.46063e-05
-0.0135493
0.767176
6.88732e-05
0.0294971
14.2162
9.44568e-06
-0.0016252
6.08162e-05
-0.0131019
0.754782
7.15458e-05
0.0424005
14.3111
1.31927e-05
-0.00208989
6.18839e-05
-0.013247
0.758224
2.35823e-05
0.0305831
14.4262
9.0447e-06
-0.00157857
5.9818e-05
-0.0129929
0.750331
4.42314e-05
0.030215
14.5441
8.82503e-06
-0.00157725
5.58123e-05
-0.0125237
0.738052
3.71524e-05
0.0511629
14.5999
1.43653e-05
-0.00227685
5.75225e-05
-0.0127952
0.750125
4.02139e-05
0.0364392
14.561
9.88667e-06
-0.00174724
5.60558e-05
-0.0126496
0.748137
4.83648e-05
0.0397058
14.6074
1.06697e-05
-0.0018649
5.65692e-05
-0.0128525
0.765385
2.49639e-05
0.0371614
14.2862
9.58494e-06
-0.00172811
5.49206e-05
-0.0126391
0.757839
1.09493e-05
0.0397698
14.4345
9.72196e-06
-0.00176951
5.47489e-05
-0.0127438
0.770973
-9.52439e-06
0.0424981
14.1925
1.02058e-05
-0.00182978
5.50319e-05
-0.0128688
0.782481
7.00649e-06
0.0420035
14.0148
9.75505e-06
-0.0018081
4.3645e-05
-0.00908301
0.472805
3.78125e-07
0.0246695
19.9702
7.68134e-06
-0.00139409
4.89177e-05
-0.0102205
0.549987
-2.42876e-05
0.0265941
18.3733
6.96993e-06
-0.00135413
5.93182e-05
-0.0123506
0.687945
2.4479e-05
0.0345417
15.6787
1.03064e-05
-0.00175485
6.4419e-05
-0.0134606
0.763788
4.63758e-05
0.034042
14.1605
1.03026e-05
-0.00177729
6.29064e-05
-0.0133073
0.76133
5.40161e-05
0.0371498
14.1887
1.1121e-05
-0.0018916
6.25949e-05
-0.013292
0.761159
2.87217e-05
0.0326706
14.2782
9.35053e-06
-0.00167812
6.09025e-05
-0.0131042
0.755991
1.62998e-05
0.0322373
14.382
9.40812e-06
-0.00167258
5.72876e-05
-0.0126497
0.742185
1.43336e-05
0.0445762
14.476
1.20056e-05
-0.00203924
5.73322e-05
-0.0126835
0.744034
2.37811e-05
0.0396194
14.5754
1.05018e-05
-0.00187119
5.62556e-05
-0.0126218
0.747327
2.29787e-05
0.0402457
14.5136
1.08843e-05
-0.00191249
5.52715e-05
-0.0125191
0.745408
1.6548e-05
0.041281
14.5645
1.06474e-05
-0.00190795
5.3694e-05
-0.0124476
0.754128
3.11345e-06
0.0568777
14.2565
1.41942e-05
-0.00237844
5.40266e-05
-0.0124936
0.754502
-1.93197e-05
0.0417623
14.4056
9.54265e-06
-0.00180845
5.50385e-05
-0.0127485
0.772626
1.24843e-05
0.037987
14.1615
8.78162e-06
-0.00173131
5.41577e-05
-0.012725
0.778825
-1.49693e-05
0.0470306
14.0164
1.08539e-05
-0.00199248
4.27118e-05
-0.00893702
0.469424
-6.19199e-06
0.0275117
19.9664
8.30953e-06
-0.00151885
4.86083e-05
-0.0101799
0.551067
-2.74964e-05
0.0298532
18.3637
8.5581e-06
-0.00155824
5.84468e-05
-0.0122262
0.68642
-6.29541e-06
0.0372636
15.6331
1.06588e-05
-0.001843
6.47219e-05
-0.0134724
0.76573
3.15383e-05
0.0341011
14.1211
9.85828e-06
-0.00177937
6.27958e-05
-0.0132573
0.760399
1.21576e-05
0.0386937
14.173
1.06724e-05
-0.00189234
6.21936e-05
-0.0132105
0.760351
2.40956e-05
0.0327463
14.2417
8.89792e-06
-0.00169428
6.03325e-05
-0.0129955
0.754425
1.95843e-05
0.0375064
14.3289
9.84392e-06
-0.00183112
5.83967e-05
-0.0127676
0.747072
-5.77895e-06
0.0395989
14.4645
1.04266e-05
-0.00188681
5.71255e-05
-0.0126318
0.744119
1.42962e-06
0.0388754
14.5416
9.88888e-06
-0.00184959
5.67515e-05
-0.0126406
0.748573
2.99269e-07
0.0352227
14.4766
8.3961e-06
-0.00168821
5.49681e-05
-0.0124408
0.744003
-6.40977e-06
0.0396491
14.5341
9.20315e-06
-0.00181087
5.57097e-05
-0.0126891
0.763589
-1.46796e-05
0.0407822
14.2174
9.55684e-06
-0.00184778
5.22897e-05
-0.0122308
0.747382
-3.566e-05
0.0538535
14.379
1.20129e-05
-0.00219529
5.34399e-05
-0.0124967
0.765201
-3.73635e-05
0.0495567
14.1335
1.07573e-05
-0.00204581
5.28339e-05
-0.0124854
0.771001
-2.62407e-05
0.0465861
13.9998
9.26134e-06
-0.00190882
4.197e-05
-0.00880371
0.465954
-3.9743e-05
0.0297885
19.9589
8.13418e-06
-0.00155492
4.70816e-05
-0.00995451
0.545478
-4.19606e-05
0.0353889
18.3446
9.61332e-06
-0.0017477
5.66138e-05
-0.0119128
0.67595
-2.72673e-05
0.0414194
15.613
9.86838e-06
-0.00187089
6.25562e-05
-0.0131269
0.754456
-3.9874e-05
0.0379237
14.0913
8.73614e-06
-0.00173791
6.20298e-05
-0.0131263
0.758117
2.0412e-05
0.0391668
14.1387
1.03898e-05
-0.00193424
6.10884e-05
-0.0130387
0.756453
6.1663e-06
0.0383299
14.218
1.00048e-05
-0.00188875
6.00925e-05
-0.0129321
0.753651
2.35857e-06
0.0355828
14.3046
8.96267e-06
-0.00177283
5.78783e-05
-0.0126606
0.744949
-1.64916e-06
0.0401984
14.4363
9.91903e-06
-0.00190843
5.54511e-05
-0.0123436
0.734039
-6.52194e-05
0.0430975
14.5285
8.87908e-06
-0.00182406
5.56289e-05
-0.0124617
0.74472
-2.75694e-06
0.0407157
14.4413
9.48142e-06
-0.00189511
5.29466e-05
-0.0121084
0.732661
-5.2454e-05
0.0461539
14.5336
9.16046e-06
-0.00190669
5.38499e-05
-0.0123897
0.754617
-2.37904e-05
0.051208
14.1904
1.13095e-05
-0.00216555
5.40803e-05
-0.0124226
0.75451
-4.13712e-05
0.0397503
14.3475
7.81039e-06
-0.00173587
5.165e-05
-0.0121973
0.755427
-7.47453e-05
0.0550782
14.1152
1.05803e-05
-0.00212704
5.19391e-05
-0.012336
0.767235
-5.51761e-05
0.0528474
13.995
1.04642e-05
-0.0021126
4.04954e-05
-0.00855595
0.457913
-7.70199e-05
0.0322378
19.9497
7.17057e-06
-0.00152862
4.60743e-05
-0.00976283
0.539189
-8.36864e-05
0.0357834
18.3323
8.17316e-06
-0.00165662
5.78787e-05
-0.0120686
0.683102
-2.84091e-05
0.0394398
15.6033
9.84096e-06
-0.00188729
6.30853e-05
-0.0131971
0.759883
8.73968e-06
0.0384058
14.0789
1.01498e-05
-0.00193739
6.18569e-05
-0.0130593
0.756593
-5.71223e-06
0.0381105
14.1238
9.29809e-06
-0.00186332
6.0007e-05
-0.0128534
0.751354
-1.85106e-05
0.0434295
14.1941
1.04925e-05
-0.00201976
5.88704e-05
-0.0127352
0.748825
-1.19836e-05
0.0408819
14.2771
9.74849e-06
-0.0019444
5.54942e-05
-0.0122762
0.732287
-3.84251e-05
0.0478032
14.4228
1.00047e-05
-0.00204056
5.55858e-05
-0.0123396
0.736357
-1.62084e-05
0.042642
14.5161
9.50432e-06
-0.00195648
5.4503e-05
-0.0122514
0.737583
-6.51716e-05
0.0428607
14.4238
8.25527e-06
-0.00182926
5.18694e-05
-0.0119252
0.727835
-6.95324e-05
0.0496507
14.5235
9.55386e-06
-0.00202323
5.39033e-05
-0.012389
0.757969
-1.58892e-05
0.052755
14.1268
1.19402e-05
-0.00229624
5.24526e-05
-0.0121659
0.747051
-5.6598e-05
0.044325
14.347
8.61927e-06
-0.00189891
5.24057e-05
-0.0122706
0.759423
-6.81697e-05
0.0472079
14.1087
8.85046e-06
-0.00194831
5.17144e-05
-0.0122601
0.765531
-5.58402e-05
0.0487313
13.9903
9.03935e-06
-0.00199866
4.1076e-05
-0.00863955
0.464198
-7.16708e-05
0.0341846
19.9024
8.77931e-06
-0.00172572
4.60766e-05
-0.00971707
0.538138
-0.000111675
0.0346577
18.3243
6.88521e-06
-0.00156718
5.58535e-05
-0.0117368
0.67201
-7.62832e-05
0.0418182
15.5983
8.76636e-06
-0.00184502
6.23718e-05
-0.0130631
0.756496
-2.5054e-05
0.0411459
14.0605
1.00106e-05
-0.00198271
5.93697e-05
-0.0126687
0.743869
-4.37678e-05
0.0448324
14.121
9.51191e-06
-0.0019887
5.96628e-05
-0.0127698
0.750009
-2.05002e-05
0.0414323
14.1808
9.57738e-06
-0.00197429
5.87002e-05
-0.0126561
0.745873
-6.10826e-05
0.0378634
14.2844
7.79169e-06
-0.00175892
5.48692e-05
-0.0121745
0.730887
-5.3779e-05
0.055398
14.4147
1.22021e-05
-0.00234517
5.5852e-05
-0.0123551
0.739417
8.32701e-07
0.0428904
14.4723
9.90937e-06
-0.00205397
5.35638e-05
-0.012083
0.733111
-7.03389e-05
0.045503
14.4159
8.58184e-06
-0.00193568
5.1864e-05
-0.0118838
0.72755
-5.76157e-05
0.0509941
14.5162
9.70785e-06
-0.00210916
5.28489e-05
-0.0121952
0.751755
-4.17382e-05
0.055691
14.1343
1.20411e-05
-0.00237097
5.31657e-05
-0.0122461
0.75297
-1.11145e-05
0.0450892
14.2911
9.32737e-06
-0.00205187
4.99642e-05
-0.011871
0.745831
-0.000100102
0.0548911
14.1049
9.1975e-06
-0.00210223
5.07533e-05
-0.0120963
0.76189
-8.99141e-05
0.0586088
13.9324
1.08302e-05
-0.00229223
3.99832e-05
-0.00843075
0.457068
-0.000105363
0.03518
19.9068
7.58626e-06
-0.00166627
4.61095e-05
-0.00971705
0.54124
-0.000118511
0.0360313
18.2736
7.74165e-06
-0.00168923
5.49996e-05
-0.0116134
0.670509
-9.13872e-05
0.0506767
15.5731
1.14197e-05
-0.00219742
6.22312e-05
-0.0130131
0.756697
-2.97823e-05
0.0418838
14.0184
9.87716e-06
-0.00202343
5.98482e-05
-0.0127216
0.748141
-5.74845e-05
0.048385
14.079
1.07284e-05
-0.00215972
5.89847e-05
-0.0126403
0.747063
-5.78688e-05
0.0437054
14.1362
9.26678e-06
-0.00199495
5.78001e-05
-0.0124987
0.742585
-6.05327e-05
0.0426883
14.2404
8.47597e-06
-0.00192514
5.54119e-05
-0.0121974
0.732282
-7.20314e-05
0.0489745
14.3942
9.78851e-06
-0.00210771
5.3178e-05
-0.0119073
0.722407
-8.27385e-05
0.051726
14.5226
9.80954e-06
-0.00214613
5.38581e-05
-0.0120952
0.735432
-9.51023e-05
0.0484497
14.3707
9.00684e-06
-0.00203575
5.14317e-05
-0.0117963
0.726502
-9.60959e-05
0.0547324
14.4719
1.01563e-05
-0.00221241
5.0931e-05
-0.0118395
0.737587
-0.000104585
0.061287
14.175
1.10466e-05
-0.00236693
4.92987e-05
-0.0116364
0.731018
-0.000106156
0.0608882
14.3039
1.05577e-05
-0.00232924
5.07949e-05
-0.0119427
0.750097
-9.87667e-05
0.0525188
14.0583
8.27985e-06
-0.00205945
4.89473e-05
-0.0117751
0.750229
-0.000148206
0.0653336
13.9371
1.06781e-05
-0.00237185
3.86557e-05
-0.00821338
0.450581
-0.000126782
0.0385854
19.9136
7.83456e-06
-0.00175221
4.57136e-05
-0.00961334
0.538194
-0.000135909
0.0356951
18.274
6.81706e-06
-0.00164258
5.59053e-05
-0.0116879
0.674031
-9.78149e-05
0.0450561
15.5326
9.29864e-06
-0.00199762
6.0483e-05
-0.0127101
0.745868
-6.11045e-05
0.0481487
14.0622
1.02312e-05
-0.00215458
5.98331e-05
-0.0126671
0.746983
-8.85145e-05
0.044519
14.0524
8.73393e-06
-0.00197793
5.86331e-05
-0.0125295
0.743446
-6.68916e-05
0.0419906
14.1381
7.90683e-06
-0.00190873
5.69188e-05
-0.0123146
0.735595
-0.00010359
0.0414898
14.285
7.02057e-06
-0.00181132
5.56642e-05
-0.0122004
0.734664
-4.66005e-05
0.0464149
14.3577
9.33129e-06
-0.002107
5.2223e-05
-0.0117218
0.716506
-0.000106308
0.0515708
14.52
8.85716e-06
-0.00209761
5.37685e-05
-0.0120362
0.734719
-4.84761e-05
0.0468492
14.3858
8.83249e-06
-0.00208995
5.05415e-05
-0.0116221
0.721538
-8.20577e-05
0.0564135
14.4808
1.03222e-05
-0.00231097
5.11894e-05
-0.0118221
0.738374
-0.000103789
0.0543398
14.1336
8.66365e-06
-0.00214753
4.8995e-05
-0.0115313
0.727517
-0.000121518
0.0571879
14.3172
8.8498e-06
-0.00219083
4.87495e-05
-0.0116029
0.73838
-0.000142816
0.0602681
14.0769
9.1553e-06
-0.00224198
4.89122e-05
-0.0116973
0.747604
-0.000135507
0.0600687
13.9485
8.49942e-06
-0.0022025
3.7429e-05
-0.00799574
0.443404
-0.000175618
0.0427393
19.917
7.74998e-06
-0.00180219
4.52277e-05
-0.00949436
0.534161
-0.000174182
0.0369546
18.287
6.26399e-06
-0.00162464
5.43221e-05
-0.0114232
0.665614
-0.000120497
0.0488664
15.5471
9.37007e-06
-0.00208087
6.04935e-05
-0.0126669
0.745712
-8.17606e-05
0.0437478
14.0187
8.40117e-06
-0.00198366
5.87911e-05
-0.0124615
0.74018
-8.62683e-05
0.046814
14.0706
8.55493e-06
-0.00204327
5.79094e-05
-0.0123974
0.740196
-6.20878e-05
0.0480395
14.1628
9.61219e-06
-0.00216792
5.62251e-05
-0.0121764
0.73271
-0.000104552
0.04687
14.2393
7.88737e-06
-0.00199706
5.42379e-05
-0.0119205
0.723969
-0.000113017
0.0498924
14.366
8.03562e-06
-0.00205027
5.25352e-05
-0.0117115
0.717479
-0.000118441
0.0514086
14.4736
8.10798e-06
-0.00207931
5.15112e-05
-0.0116396
0.720056
-0.000109424
0.0531761
14.3945
8.17278e-06
-0.00212364
5.13258e-05
-0.0116375
0.72067
-0.000108764
0.0461596
14.4869
6.12771e-06
-0.00188173
5.11124e-05
-0.011733
0.734682
-0.000129292
0.0510636
14.1448
6.74045e-06
-0.00198561
4.88795e-05
-0.0114363
0.723533
-0.000137303
0.0547483
14.336
7.29396e-06
-0.00207626
4.84403e-05
-0.0114889
0.733982
-0.000162269
0.0560357
14.1026
7.20119e-06
-0.00206804
4.78736e-05
-0.0115197
0.742963
-0.00013411
0.0625049
13.9602
9.58043e-06
-0.00236655
3.77289e-05
-0.00796727
0.442092
-0.00019168
0.0386426
19.9288
5.81768e-06
-0.00163049
4.40423e-05
-0.00927335
0.526948
-0.00019647
0.0397914
18.2896
5.90221e-06
-0.00166068
5.5781e-05
-0.0115489
0.668961
-0.000147446
0.0392963
15.5591
5.8922e-06
-0.00170561
5.86855e-05
-0.0123718
0.736322
-9.8638e-05
0.0509864
14.0316
9.5539e-06
-0.0021942
5.80122e-05
-0.0122983
0.734587
-0.000119082
0.049104
14.0944
8.28314e-06
-0.00207036
5.82487e-05
-0.0123414
0.736281
-0.000129787
0.0413948
14.1715
5.65224e-06
-0.00177017
5.58078e-05
-0.0120523
0.728073
-0.000127539
0.0469089
14.2622
6.99071e-06
-0.00195232
5.46365e-05
-0.011897
0.722274
-0.000134585
0.0433398
14.3876
5.26061e-06
-0.00177709
5.20588e-05
-0.0115767
0.712525
-0.000142573
0.0504264
14.4949
6.77401e-06
-0.00199216
5.19304e-05
-0.0116189
0.718306
-0.000153664
0.0491233
14.4181
5.87498e-06
-0.00190554
5.05607e-05
-0.0114632
0.71423
-0.000158174
0.0469661
14.506
5.10569e-06
-0.001822
5.09879e-05
-0.0116398
0.730883
-0.000150756
0.0516069
14.1613
5.77825e-06
-0.00195022
4.93968e-05
-0.0114239
0.722501
-0.00014475
0.0464056
14.3475
4.13584e-06
-0.00176902
4.93037e-05
-0.0115169
0.734132
-0.000165197
0.0490095
14.104
4.12412e-06
-0.00178896
4.88687e-05
-0.011539
0.741403
-0.000164719
0.0520692
13.967
4.72269e-06
-0.00188407
3.70231e-05
-0.00786683
0.441452
-0.000156538
0.0394495
19.9396
7.29719e-06
-0.00181722
4.37664e-05
-0.00918135
0.523901
-0.000218531
0.0384577
18.3083
4.90361e-06
-0.00158695
5.42512e-05
-0.011281
0.659907
-0.000167308
0.0474984
15.5865
7.28197e-06
-0.00194553
5.93511e-05
-0.0123784
0.735002
-0.000160087
0.0433836
14.0549
6.06316e-06
-0.00181901
5.79481e-05
-0.0122122
0.730933
-0.000136487
0.0462796
14.1201
6.47529e-06
-0.00192474
5.76094e-05
-0.0121795
0.729914
-0.000165564
0.0408415
14.1996
4.2064e-06
-0.0016654
5.6464e-05
-0.0120587
0.727376
-0.000147547
0.0385645
14.2805
3.83596e-06
-0.00163124
5.44342e-05
-0.0117888
0.717941
-0.000160248
0.0428321
14.4055
4.0121e-06
-0.00170357
5.26933e-05
-0.0115759
0.711377
-0.000170649
0.0436475
14.51
3.94886e-06
-0.00171054
5.23872e-05
-0.0116047
0.717691
-0.000129053
0.0433836
14.4392
4.04104e-06
-0.00175908
5.11966e-05
-0.0114599
0.713086
-0.000159961
0.0412457
14.5354
2.70143e-06
-0.00161153
5.15417e-05
-0.011638
0.730519
-0.000150259
0.0412283
14.1755
2.42739e-06
-0.00160564
5.01413e-05
-0.0114351
0.72153
-0.000170697
0.0415954
14.3721
1.73749e-06
-0.00155043
5.00745e-05
-0.01153
0.733206
-0.000198292
0.0413149
14.13
1.06993e-06
-0.00147988
4.97991e-05
-0.0115692
0.740874
-0.000194157
0.0433673
13.987
1.02607e-06
-0.00151304
3.82772e-05
-0.00793795
0.441618
-0.000212864
0.0318967
19.9426
2.98215e-06
-0.00137684
4.35821e-05
-0.00912412
0.52294
-0.000234592
0.0382151
18.325
5.07711e-06
-0.00161652
5.47274e-05
-0.011278
0.659127
-0.000213432
0.0424485
15.6127
4.89147e-06
-0.0016995
5.97479e-05
-0.0123554
0.733051
-0.000175105
0.0400345
14.0985
4.35848e-06
-0.00166897
5.9074e-05
-0.0122691
0.730686
-0.000156477
0.0353056
14.1777
2.55192e-06
-0.00150438
5.7599e-05
-0.0121073
0.727076
-0.00017317
0.039851
14.2293
3.29359e-06
-0.00161917
5.68564e-05
-0.012052
0.726906
-0.000166951
0.0387818
14.3108
3.31435e-06
-0.00161769
5.49939e-05
-0.0117958
0.717722
-0.000168449
0.0359266
14.4381
1.71998e-06
-0.0014724
5.33513e-05
-0.0115786
0.709979
-0.000190376
0.036301
14.5469
8.83131e-07
-0.00140261
5.3241e-05
-0.0116263
0.716795
-0.000159246
0.0344303
14.4663
4.08023e-07
-0.0013822
5.19479e-05
-0.0114742
0.71254
-0.000172494
0.0321356
14.5562
-5.61972e-07
-0.00127823
5.26491e-05
-0.0116866
0.730508
-0.000163237
0.0313364
14.2021
-1.36949e-06
-0.00122453
5.12364e-05
-0.0114884
0.722085
-0.000204759
0.0338903
14.3761
-1.82115e-06
-0.00119882
5.10676e-05
-0.0115588
0.732829
-0.000170105
0.0320403
14.1534
-2.32024e-06
-0.00117073
5.09828e-05
-0.0116276
0.741319
-0.000223396
0.0338198
13.9976
-2.84035e-06
-0.00112238
3.93597e-05
-0.0079901
0.441703
-0.000265635
0.0284091
19.9553
2.74691e-07
-0.00111897
4.4888e-05
-0.00918908
0.522726
-0.000284477
0.0328556
18.3334
1.08446e-06
-0.0012384
5.56434e-05
-0.0113106
0.658439
-0.000255561
0.0345303
15.6407
1.14076e-06
-0.00130933
6.0577e-05
-0.0123763
0.731995
-0.000219472
0.0323685
14.132
6.87674e-07
-0.00129045
5.92747e-05
-0.012228
0.728616
-0.000220611
0.035458
14.176
9.80969e-07
-0.00136419
5.85002e-05
-0.0121355
0.725803
-0.000235853
0.0295329
14.2671
-1.16882e-06
-0.00112482
5.81733e-05
-0.0121096
0.725622
-0.000240456
0.0250417
14.3424
-2.75316e-06
-0.000952413
5.58818e-05
-0.0118092
0.715427
-0.000230605
0.0298796
14.4798
-1.97428e-06
-0.00109636
5.41973e-05
-0.0116049
0.709523
-0.000231325
0.0301057
14.5691
-2.2392e-06
-0.00108976
5.44726e-05
-0.0116864
0.716308
-0.000231181
0.0239975
14.4931
-4.43966e-06
-0.000855265
5.31642e-05
-0.0115334
0.71204
-0.000247893
0.0222649
14.5835
-5.4216e-06
-0.00075489
5.37385e-05
-0.0117258
0.729045
-0.000234726
0.0231172
14.2396
-5.74518e-06
-0.000760375
5.25166e-05
-0.011546
0.72157
-0.000232962
0.0215368
14.4099
-6.99036e-06
-0.000660674
5.22486e-05
-0.0116179
0.732495
-0.000247274
0.0244563
14.1812
-6.40609e-06
-0.000735749
5.20996e-05
-0.0116772
0.740918
-0.000259158
0.0269752
14.0309
-6.33026e-06
-0.000772054
4.07444e-05
-0.0080573
0.441905
-0.000311927
0.0218004
19.97
-3.94584e-06
-0.000722352
4.63622e-05
-0.0092569
0.521795
-0.00037942
0.0266994
18.3679
-3.63019e-06
-0.000772411
5.66589e-05
-0.0113467
0.658225
-0.000296601
0.0315337
15.6731
-1.54019e-06
-0.00108241
6.17308e-05
-0.0124133
0.730673
-0.000288283
0.0264139
14.1741
-3.37907e-06
-0.000895183
6.07453e-05
-0.0122878
0.727374
-0.000288178
0.0254471
14.2193
-4.61488e-06
-0.000805984
5.97587e-05
-0.0121846
0.724744
-0.000303737
0.0238516
14.3062
-5.27919e-06
-0.000729463
5.94166e-05
-0.0121468
0.723637
-0.000294809
0.014288
14.4067
-8.09455e-06
-0.000410203
5.74215e-05
-0.0118767
0.714094
-0.000311443
0.0179162
14.5254
-8.19243e-06
-0.000449919
5.57837e-05
-0.0116811
0.709137
-0.00029389
0.0216918
14.5963
-7.4746e-06
-0.00058471
5.57243e-05
-0.0117318
0.714884
-0.000294455
0.0174406
14.5467
-8.83189e-06
-0.000429394
5.45514e-05
-0.0115966
0.711416
-0.000301627
0.0176714
14.6205
-9.23212e-06
-0.000406165
5.49386e-05
-0.0117759
0.728205
-0.000317144
0.0219514
14.2828
-8.43782e-06
-0.000519931
5.3526e-05
-0.0115903
0.72121
-0.000322833
0.0197205
14.4444
-9.44351e-06
-0.000415815
5.35749e-05
-0.0116954
0.733137
-0.000349107
0.0227751
14.1954
-9.41188e-06
-0.000445256
5.34778e-05
-0.0117588
0.741602
-0.000345366
0.0252872
14.0467
-9.05125e-06
-0.000512368
4.0823e-05
-0.0080402
0.441906
-0.000243131
0.015307
19.9903
-4.00398e-06
-0.000693012
4.67149e-05
-0.00926009
0.522454
-0.000289966
0.0179265
18.3773
-4.39159e-06
-0.000684548
5.74148e-05
-0.0113663
0.656734
-0.000274483
0.020625
15.7155
-4.15529e-06
-0.000769653
6.24059e-05
-0.0124138
0.728533
-0.000222564
0.00897625
14.2341
-7.38759e-06
-0.000430954
6.12226e-05
-0.0122794
0.725579
-0.000237188
0.0153695
14.2741
-6.34489e-06
-0.000599228
6.01971e-05
-0.0121717
0.723298
-0.000222036
0.0137227
14.3566
-6.65983e-06
-0.000576512
5.97976e-05
-0.0121305
0.722286
-0.000214239
0.0104651
14.4599
-7.70669e-06
-0.00047429
5.77951e-05
-0.0118609
0.713047
-0.000221435
0.0129763
14.5704
-7.95352e-06
-0.000498059
5.63002e-05
-0.0116756
0.707657
-0.000228429
0.0156156
14.6511
-7.79519e-06
-0.000554361
5.63111e-05
-0.0117367
0.713763
-0.000247551
0.0159246
14.595
-8.00323e-06
-0.000534175
5.52063e-05
-0.011605
0.710845
-0.000224913
0.0160045
14.6596
-8.2912e-06
-0.000550548
5.57197e-05
-0.0117966
0.728005
-0.000228464
0.0195893
14.3191
-7.79574e-06
-0.000641463
5.46094e-05
-0.0116465
0.722302
-0.000239532
0.0179832
14.4569
-8.91854e-06
-0.000536327
5.47358e-05
-0.0117488
0.734091
-0.000225466
0.0212087
14.2114
-8.79064e-06
-0.000614946
5.43512e-05
-0.0118017
0.743129
-0.000246462
0.0237425
14.0531
-7.96258e-06
-0.000695171
4.16717e-05
-0.00807651
0.441906
-0.000246362
0.00801065
19.9903
-6.288e-06
-0.0004433
4.7132e-05
-0.0092602
0.522015
-0.000303565
0.0151791
18.3773
-5.0875e-06
-0.000603317
5.81578e-05
-0.0113902
0.656643
-0.000254225
0.0123807
15.7155
-6.45253e-06
-0.000525493
6.31923e-05
-0.0124436
0.728532
-0.000231415
0.00878789
14.2341
-7.71501e-06
-0.000422799
6.1935e-05
-0.0123021
0.725579
-0.000229922
0.0125822
14.2741
-7.00387e-06
-0.000542767
6.12496e-05
-0.0122238
0.723298
-0.000253336
0.013383
14.3566
-7.4584e-06
-0.000513872
6.09222e-05
-0.0121886
0.722285
-0.000255659
0.00978063
14.4599
-8.71072e-06
-0.000385709
5.86349e-05
-0.0118961
0.713047
-0.000248164
0.0130354
14.5704
-8.22694e-06
-0.000485055
5.71247e-05
-0.0117089
0.70766
-0.000248419
0.0158534
14.6511
-7.8793e-06
-0.000563658
5.7397e-05
-0.0117821
0.713767
-0.000233884
0.0159555
14.595
-8.39729e-06
-0.000553556
5.61969e-05
-0.0116481
0.710843
-0.000241503
0.0156974
14.6596
-8.74249e-06
-0.000531706
5.67512e-05
-0.011841
0.728005
-0.000240996
0.0195895
14.3191
-8.12581e-06
-0.000643887
5.55545e-05
-0.0116835
0.722302
-0.000244542
0.0179834
14.4569
-8.99264e-06
-0.00056523
5.56651e-05
-0.0117895
0.734091
-0.000252698
0.0212088
14.2114
-8.83209e-06
-0.000623751
5.55259e-05
-0.0118541
0.743129
-0.000253639
0.0237428
14.0531
-8.39569e-06
-0.00070098
4.25996e-05
-0.00812717
0.441906
-0.000302701
0.00480129
19.9903
-7.93042e-06
-0.000244589
4.8503e-05
-0.00934079
0.522014
-0.000359574
0.00881289
18.3773
-8.37322e-06
-0.000246742
5.88969e-05
-0.0114319
0.656648
-0.000341374
0.0139707
15.7155
-6.67711e-06
-0.000469649
6.25018e-05
-0.0123896
0.728529
-0.000357527
0.0502088
14.2341
4.29514e-06
-0.00177633
6.30484e-05
-0.012367
0.725579
-0.000313622
0.0133014
14.2741
-8.18699e-06
-0.000414521
6.20575e-05
-0.0122668
0.723298
-0.000330841
0.013397
14.3566
-8.06742e-06
-0.0004205
6.19599e-05
-0.0122468
0.722286
-0.000331254
0.00982356
14.4599
-9.76423e-06
-0.000265106
5.97627e-05
-0.0119594
0.71306
-0.000310574
0.0138058
14.5704
-9.07415e-06
-0.000402043
5.82334e-05
-0.0117697
0.707657
-0.000317216
0.0156172
14.6511
-8.96458e-06
-0.000445273
5.85448e-05
-0.0118503
0.713764
-0.000324876
0.0159436
14.595
-9.5403e-06
-0.000414313
5.74775e-05
-0.0117219
0.71084
-0.000313272
0.0156975
14.6596
-1.00752e-05
-0.000398999
5.78897e-05
-0.0119037
0.728005
-0.000313711
0.0195894
14.3191
-9.19253e-06
-0.000530181
5.69793e-05
-0.0117698
0.722302
-0.000329058
0.017983
14.4569
-1.04722e-05
-0.000409941
5.70353e-05
-0.0118685
0.734091
-0.000327611
0.0212084
14.2114
-1.02238e-05
-0.00048805
5.69212e-05
-0.0119346
0.743129
-0.000323548
0.0237425
14.0531
-9.8378e-06
-0.000564672
4.34708e-05
-0.00817512
0.441906
-0.000354795
0.00480121
19.9903
-8.62113e-06
-0.00015861
4.91308e-05
-0.00937677
0.522013
-0.000445389
0.00881652
18.3773
-8.82492e-06
-0.000147047
5.98955e-05
-0.0114942
0.656643
-0.000430166
0.0140337
15.7155
-7.8302e-06
-0.000318844
6.51156e-05
-0.0125592
0.728531
-0.000402387
0.00857995
14.2341
-9.77169e-06
-0.000147719
6.40277e-05
-0.0124288
0.725579
-0.000404531
0.0125778
14.2741
-9.30088e-06
-0.000252747
6.32778e-05
-0.0123424
0.723298
-0.000409669
0.0133822
14.3566
-9.44778e-06
-0.000264175
6.30407e-05
-0.0123104
0.722285
-0.000398093
0.00977637
14.4599
-1.07004e-05
-0.000151586
6.09604e-05
-0.012032
0.713065
-0.000394434
0.0133192
14.5704
-1.0391e-05
-0.000244189
5.95138e-05
-0.0118519
0.707657
-0.000413641
0.0156147
14.6511
-1.0355e-05
-0.000275143
5.9754e-05
-0.0119222
0.713763
-0.000399329
0.0159239
14.595
-1.07403e-05
-0.000277553
5.86468e-05
-0.0117925
0.71084
-0.000394697
0.0156974
14.6596
-1.10945e-05
-0.00027054
5.94538e-05
-0.0120008
0.728005
-0.000385862
0.0195893
14.3191
-1.0856e-05
-0.00036695
5.8246e-05
-0.0118465
0.722302
-0.000420272
0.017983
14.4569
-1.17147e-05
-0.000262534
5.83828e-05
-0.0119517
0.734091
-0.000416075
0.0212084
14.2114
-1.1406e-05
-0.000344819
5.83331e-05
-0.0120192
0.743129
-0.000409887
0.0237804
14.0531
-1.11386e-05
-0.000422449
4.40865e-05
-0.00821207
0.441906
-0.00042308
0.00480119
19.9903
-8.85423e-06
-8.04058e-05
5.01638e-05
-0.00944489
0.522013
-0.000525992
0.00881246
18.3773
-9.94415e-06
5.24024e-06
6.10064e-05
-0.0115608
0.656643
-0.000488006
0.0123054
15.7155
-9.34305e-06
-0.000141409
6.61774e-05
-0.012624
0.728529
-0.000468233
0.00853789
14.2341
-1.09098e-05
-1.32906e-05
6.50526e-05
-0.0124883
0.72558
-0.000455311
0.0125774
14.2741
-1.02374e-05
-0.000147521
6.42909e-05
-0.0124007
0.723298
-0.000459016
0.0133824
14.3566
-1.03627e-05
-0.000161086
6.40407e-05
-0.0123733
0.722285
-0.00048069
0.00977634
14.4599
-1.17057e-05
-1.19331e-05
6.21939e-05
-0.0121137
0.713047
-0.000485589
0.0129748
14.5704
-1.18039e-05
-6.0978e-05
6.08105e-05
-0.0119297
0.707661
-0.000466797
0.0156197
14.6514
-1.15908e-05
-0.000148994
6.09455e-05
-0.0119916
0.713763
-0.000457405
0.0159239
14.595
-1.17866e-05
-0.000164756
6.004e-05
-0.0118779
0.71084
-0.000459494
0.0156974
14.6596
-1.2444e-05
-0.000127938
6.06651e-05
-0.0120722
0.728005
-0.000443011
0.0195893
14.3191
-1.18349e-05
-0.000258888
5.9736e-05
-0.0119349
0.722302
-0.000459171
0.0179831
14.4569
-1.30538e-05
-0.000145958
6.01021e-05
-0.0120579
0.734091
-0.000476106
0.0212085
14.2114
-1.32894e-05
-0.000175843
5.99582e-05
-0.0121208
0.743129
-0.000475287
0.0237425
14.0531
-1.26547e-05
-0.000271695
4.50168e-05
-0.00827215
0.441906
-0.00049098
0.00480118
19.9903
-9.67184e-06
4.09352e-05
5.10243e-05
-0.00949616
0.522013
-0.000576226
0.00881208
18.3773
-1.04961e-05
9.20089e-05
6.21218e-05
-0.0116372
0.656643
-0.000568623
0.0123055
15.7155
-1.05684e-05
2.30649e-05
6.72892e-05
-0.0126969
0.728529
-0.000544324
0.00853685
14.2341
-1.20043e-05
0.000133623
6.61419e-05
-0.0125625
0.725579
-0.000546571
0.0125775
14.2741
-1.13222e-05
1.27749e-05
6.54729e-05
-0.0124785
0.723298
-0.000542322
0.0133829
14.3566
-1.14771e-05
-8.97831e-06
6.53371e-05
-0.0124557
0.722285
-0.00054267
0.00977631
14.4599
-1.28486e-05
0.000123275
6.3516e-05
-0.0121983
0.713047
-0.000555551
0.0129749
14.5704
-1.29773e-05
8.20171e-05
6.21822e-05
-0.0120203
0.707657
-0.000546746
0.0156148
14.6511
-1.29067e-05
1.35494e-05
6.22581e-05
-0.012078
0.713763
-0.000533029
0.0159239
14.595
-1.29878e-05
-1.37687e-05
6.14224e-05
-0.0119711
0.71084
-0.00055045
0.0156975
14.6596
-1.37865e-05
4.58131e-05
6.20997e-05
-0.0121656
0.728005
-0.000522849
0.0195895
14.3191
-1.31187e-05
-0.000102144
6.13141e-05
-0.0120423
0.722302
-0.000561199
0.017983
14.4569
-1.46355e-05
5.19633e-05
6.14162e-05
-0.0121394
0.734091
-0.000540375
0.0212084
14.2114
-1.43402e-05
-5.19156e-05
6.15563e-05
-0.0122245
0.743129
-0.000548722
0.0237425
14.0531
-1.40837e-05
-0.000112383
4.58766e-05
-0.00832609
0.441906
-0.000531606
0.00480118
19.9903
-1.00905e-05
0.000115464
5.20212e-05
-0.00955189
0.522013
-0.000588044
0.00881206
18.3773
-1.127e-05
0.000158505
6.30078e-05
-0.0116966
0.656643
-0.000643122
0.0123054
15.7155
-1.11776e-05
0.000140404
6.82958e-05
-0.0127657
0.728529
-0.000613956
0.00853727
14.2341
-1.28041e-05
0.000263333
6.73214e-05
-0.0126446
0.725579
-0.000626256
0.0125774
14.2741
-1.24158e-05
0.00017065
6.6708e-05
-0.012564
0.723298
-0.00062122
0.0133822
14.3566
-1.26505e-05
0.000153729
6.66199e-05
-0.0125462
0.722285
-0.000632697
0.00977631
14.4599
-1.41931e-05
0.000307297
6.47733e-05
-0.012283
0.713047
-0.000624011
0.0129749
14.5704
-1.41141e-05
0.000230131
6.33836e-05
-0.0121018
0.707657
-0.000624779
0.0156147
14.6511
-1.40037e-05
0.00016741
6.36614e-05
-0.0121735
0.713763
-0.000613302
0.0159239
14.595
-1.41816e-05
0.000147489
6.2842e-05
-0.0120695
0.71084
-0.000633273
0.0156974
14.6596
-1.51154e-05
0.000221083
6.36333e-05
-0.0122735
0.728005
-0.00061888
0.0195893
14.3191
-1.47307e-05
0.000103306
6.2763e-05
-0.0121377
0.722302
-0.000628329
0.017983
14.4569
-1.58667e-05
0.000199762
6.29615e-05
-0.0122465
0.734091
-0.000632424
0.0212083
14.2114
-1.5716e-05
0.000130783
6.31804e-05
-0.0123375
0.743129
-0.000639942
0.0237425
14.0531
-1.57323e-05
8.88557e-05
4.68921e-05
-0.00840292
0.441906
-0.000610041
0.00480118
19.9903
-1.08243e-05
0.00026027
5.29513e-05
-0.0096214
0.522013
-0.000669218
0.00881203
18.3773
-1.19981e-05
0.000300438
6.41089e-05
-0.0117747
0.656643
-0.000712031
0.0123059
15.7155
-1.22579e-05
0.000294465
6.93105e-05
-0.0128404
0.728529
-0.00068243
0.008537
14.2341
-1.35718e-05
0.000398842
6.84577e-05
-0.0127249
0.725579
-0.000698071
0.0125774
14.2741
-1.35047e-05
0.000326533
6.79069e-05
-0.0126458
0.723298
-0.000674008
0.0133822
14.3566
-1.36665e-05
0.000287027
6.78597e-05
-0.0126327
0.722285
-0.000701011
0.00977637
14.4599
-1.52355e-05
0.000455357
6.61741e-05
-0.0123863
0.713047
-0.000716134
0.0129749
14.5704
-1.54613e-05
0.000424693
6.48733e-05
-0.0122114
0.707657
-0.000716806
0.0156147
14.6511
-1.54265e-05
0.000367929
6.50435e-05
-0.0122752
0.713763
-0.000706343
0.0159239
14.595
-1.55654e-05
0.000343328
6.43952e-05
-0.0121773
0.71084
-0.00070158
0.0156974
14.6596
-1.66222e-05
0.000399862
6.5134e-05
-0.0123808
0.728005
-0.000699547
0.0195893
14.3191
-1.59764e-05
0.0002787
6.43387e-05
-0.0122483
0.722302
-0.00069618
0.017983
14.4569
-1.73533e-05
0.000379696
6.4679e-05
-0.0123728
0.734091
-0.000731684
0.0212083
14.2114
-1.75369e-05
0.000362864
6.48982e-05
-0.0124569
0.743129
-0.000717858
0.0237425
14.0531
-1.73659e-05
0.000280557
4.78419e-05
-0.00847585
0.441906
-0.000680914
0.00480118
19.9903
-1.12887e-05
0.000381898
5.3576e-05
-0.00966683
0.522013
-0.000720798
0.00883327
18.3773
-1.20912e-05
0.000377197
6.52927e-05
-0.0118679
0.656643
-0.000810184
0.0123054
15.7155
-1.34041e-05
0.000488534
7.06681e-05
-0.0129429
0.728529
-0.000781427
0.00853697
14.2341
-1.51977e-05
0.000622115
6.98146e-05
-0.0128276
0.725579
-0.000784845
0.0125775
14.2741
-1.49601e-05
0.000529772
6.91783e-05
-0.0127459
0.723298
-0.000786003
0.0133822
14.3566
-1.49781e-05
0.000502873
6.92058e-05
-0.0127371
0.722285
-0.000800618
0.00977631
14.4599
-1.65292e-05
0.000660838
6.75752e-05
-0.0124904
0.713047
-0.000803279
0.0129748
14.5704
-1.68698e-05
0.000623275
6.61544e-05
-0.0123056
0.707657
-0.000794359
0.0156148
14.6512
-1.6442e-05
0.000527874
6.65802e-05
-0.0123923
0.713763
-0.000809584
0.015924
14.595
-1.71061e-05
0.000567921
6.58205e-05
-0.0122864
0.71084
-0.000798727
0.0156974
14.6596
-1.77769e-05
0.00059205
6.66448e-05
-0.0124945
0.728005
-0.000794743
0.0195893
14.3191
-1.73793e-05
0.00048375
6.5861e-05
-0.0123645
0.722302
-0.000806533
0.017983
14.4569
-1.87232e-05
0.000594971
6.61696e-05
-0.0124829
0.734091
-0.000822309
0.0212083
14.2114
-1.86026e-05
0.000538453
6.66207e-05
-0.0125873
0.743129
-0.000830972
0.0237425
14.0531
-1.8945e-05
0.000513207
4.88738e-05
-0.00854401
0.441906
-0.000690578
0.00480128
19.9903
-1.18114e-05
0.000449911
5.50211e-05
-0.00978127
0.522013
-0.000817451
0.00881202
18.3773
-1.35968e-05
0.000600543
6.62355e-05
-0.0119343
0.656643
-0.000832997
0.0123054
15.7155
-1.39376e-05
0.000573605
7.14985e-05
-0.0130094
0.728529
-0.000847374
0.00853762
14.2346
-1.5518e-05
0.000736007
7.0973e-05
-0.0129247
0.725579
-0.000888608
0.0125774
14.2741
-1.58845e-05
0.000723255
7.05728e-05
-0.0128585
0.723298
-0.000891616
0.0133822
14.3566
-1.62467e-05
0.000718999
7.04931e-05
-0.0128402
0.722285
-0.000901537
0.00977635
14.4599
-1.77169e-05
0.000864541
6.88761e-05
-0.0125962
0.713047
-0.000900039
0.0129748
14.5704
-1.80173e-05
0.000824715
6.75856e-05
-0.0124207
0.707657
-0.000904995
0.0156147
14.6511
-1.77442e-05
0.000750323
6.80523e-05
-0.01251
0.713763
-0.000917634
0.0159239
14.595
-1.84968e-05
0.000792398
6.74921e-05
-0.0124205
0.71084
-0.000920688
0.0156974
14.6596
-1.94495e-05
0.000849877
6.84e-05
-0.0126354
0.728005
-0.000924872
0.0195893
14.3191
-1.91117e-05
0.000751669
6.75962e-05
-0.0125043
0.722302
-0.000933512
0.0179831
14.4569
-2.04283e-05
0.00086111
6.79682e-05
-0.0126235
0.734091
-0.000934734
0.0212085
14.2114
-2.03115e-05
0.000787799
6.83973e-05
-0.0127274
0.743129
-0.000938891
0.0237425
14.0531
-2.05972e-05
0.000757621
4.97138e-05
-0.00861626
0.441906
-0.000761391
0.0048012
19.9903
-1.22694e-05
0.000583081
5.59153e-05
-0.00985445
0.522013
-0.000883981
0.00881212
18.3773
-1.41105e-05
0.000730125
6.763e-05
-0.0120475
0.656643
-0.000930381
0.0123054
15.7155
-1.53549e-05
0.000796086
7.29343e-05
-0.0131291
0.728529
-0.000957155
0.00853674
14.2341
-1.69772e-05
0.000974483
7.21745e-05
-0.0130232
0.725579
-0.000977338
0.0125777
14.2741
-1.68562e-05
0.000907304
7.18249e-05
-0.012965
0.723298
-0.000991439
0.0133822
14.3566
-1.74e-05
0.000930713
7.19243e-05
-0.0129566
0.722285
-0.00098727
0.00977631
14.4599
-1.89076e-05
0.00106657
7.02435e-05
-0.0127097
0.713047
-0.00100612
0.0129748
14.5704
-1.91226e-05
0.00103516
6.90857e-05
-0.0125445
0.707657
-0.00100631
0.0156147
14.6511
-1.91226e-05
0.000978941
6.9703e-05
-0.0126448
0.713763
-0.00102794
0.0159239
14.595
-2.00175e-05
0.00103682
6.90456e-05
-0.0125497
0.71084
-0.00103186
0.0156974
14.6596
-2.07946e-05
0.00108603
6.98689e-05
-0.0127575
0.728005
-0.001031
0.0195893
14.3191
-2.04015e-05
0.000979421
6.92685e-05
-0.0126405
0.722302
-0.00104629
0.017983
14.4569
-2.1896e-05
0.00110348
6.96744e-05
-0.0127627
0.734091
-0.00105273
0.0212085
14.2114
-2.19828e-05
0.00104942
7.00813e-05
-0.0128678
0.743129
-0.00107188
0.0237425
14.0531
-2.21335e-05
0.00102364
5.07005e-05
-0.00870239
0.441906
-0.000834614
0.00480118
19.9903
-1.27657e-05
0.000726592
5.70996e-05
-0.0099507
0.522013
-0.000933638
0.00881201
18.3773
-1.49562e-05
0.000878136
6.87009e-05
-0.0121488
0.656643
-0.00104067
0.0123054
15.7155
-1.61827e-05
0.00100507
7.41657e-05
-0.0132411
0.728529
-0.00107782
0.0085367
14.2341
-1.81367e-05
0.00121219
7.33306e-05
-0.0131268
0.725579
-0.00108141
0.0125774
14.2741
-1.77669e-05
0.00111178
7.31408e-05
-0.0130797
0.723298
-0.00109472
0.0133822
14.3566
-1.85645e-05
0.00115129
7.32473e-05
-0.0130727
0.722285
-0.00109683
0.00977631
14.4599
-2.0169e-05
0.00130016
7.15959e-05
-0.0128293
0.713047
-0.00111769
0.0129748
14.5704
-2.02175e-05
0.00126249
7.06108e-05
-0.0126771
0.707657
-0.00112451
0.0156147
14.6511
-2.04864e-05
0.00122923
7.09379e-05
-0.01276
0.713763
-0.00115207
0.0159239
14.595
-2.09897e-05
0.00127111
7.03778e-05
-0.0126676
0.71084
-0.00115423
0.0156974
14.6596
-2.18695e-05
0.00131655
7.15466e-05
-0.0129045
0.728005
-0.00116409
0.0195893
14.3191
-2.19564e-05
0.00126024
7.09719e-05
-0.0127866
0.722302
-0.00116984
0.0179831
14.4569
-2.34492e-05
0.00137298
7.1353e-05
-0.0129094
0.734091
-0.00118294
0.0212085
14.2114
-2.33418e-05
0.00131354
7.18312e-05
-0.0130178
0.743129
-0.00119907
0.0237425
14.0531
-2.36622e-05
0.00129533
5.16838e-05
-0.0087971
0.441906
-0.000926808
0.00480118
19.9903
-1.34531e-05
0.000912951
5.82432e-05
-0.0100545
0.522013
-0.00102375
0.00881201
18.3773
-1.5837e-05
0.00107236
6.98727e-05
-0.0122547
0.656643
-0.00113874
0.0123054
15.7155
-1.73458e-05
0.00122391
7.5324e-05
-0.0133463
0.728529
-0.00117396
0.0085367
14.2341
-1.91904e-05
0.00142291
7.46781e-05
-0.0132521
0.725579
-0.00120351
0.0125775
14.2741
-1.91387e-05
0.00137414
7.42313e-05
-0.0131869
0.723298
-0.00120709
0.0133822
14.3566
-1.92875e-05
0.00136353
7.44898e-05
-0.0131906
0.722285
-0.00121908
0.00977646
14.4599
-2.11296e-05
0.00153429
7.30391e-05
-0.0129586
0.713047
-0.0012277
0.0129748
14.5704
-2.15676e-05
0.0015104
7.18646e-05
-0.0127964
0.707657
-0.00125737
0.0156147
14.6511
-2.16646e-05
0.00148684
7.24914e-05
-0.0128993
0.713763
-0.00126861
0.0159239
14.595
-2.22621e-05
0.00152341
7.21223e-05
-0.0128176
0.71084
-0.00126062
0.0156976
14.6596
-2.34518e-05
0.00157965
7.29963e-05
-0.0130368
0.728005
-0.00128164
0.0195893
14.3191
-2.30761e-05
0.00150227
7.23015e-05
-0.0129151
0.722302
-0.00131149
0.017983
14.4569
-2.43975e-05
0.00162751
7.29662e-05
-0.0130573
0.734091
-0.00132524
0.0212083
14.2114
-2.4763e-05
0.00160079
7.33505e-05
-0.0131563
0.743129
-0.00132533
0.0237425
14.0531
-2.47743e-05
0.001546
5.27589e-05
-0.00889733
0.441906
-0.00101348
0.00480122
19.9903
-1.41817e-05
0.00109333
5.91209e-05
-0.0101458
0.522013
-0.00112013
0.00881202
18.3773
-1.64306e-05
0.00126075
7.11111e-05
-0.0123714
0.656643
-0.00124082
0.0123054
15.7155
-1.83263e-05
0.00144383
7.65741e-05
-0.0134643
0.728529
-0.00126928
0.0085367
14.2341
-2.01767e-05
0.00164121
7.59048e-05
-0.0133725
0.725579
-0.00131561
0.0125775
14.2741
-2.0041e-05
0.00160447
7.56244e-05
-0.0133156
0.723298
-0.00131932
0.0133822
14.3566
-2.06039e-05
0.00161603
7.58033e-05
-0.0133182
0.722285
-0.00133693
0.00977631
14.4599
-2.22796e-05
0.00178623
7.43895e-05
-0.013091
0.713047
-0.00136691
0.0129749
14.5704
-2.28681e-05
0.00179135
7.30845e-05
-0.0129202
0.707657
-0.00137841
0.0156147
14.6511
-2.2496e-05
0.00172545
7.3668e-05
-0.0130141
0.713763
-0.00137344
0.0159239
14.595
-2.30118e-05
0.00173415
7.35154e-05
-0.0129597
0.71084
-0.00142346
0.0156974
14.6596
-2.4674e-05
0.00188294
7.43365e-05
-0.013167
0.728005
-0.00140827
0.0195893
14.3191
-2.39499e-05
0.0017445
7.40384e-05
-0.0130764
0.722302
-0.00144346
0.017983
14.4569
-2.59397e-05
0.00192517
7.45406e-05
-0.0132078
0.734091
-0.00146159
0.0212084
14.2114
-2.59378e-05
0.00187659
7.49999e-05
-0.0133174
0.743129
-0.00148061
0.0237425
14.0531
-2.60939e-05
0.00185358
5.34817e-05
-0.00897772
0.441906
-0.00108265
0.00480118
19.9903
-1.42073e-05
0.00122406
6.0086e-05
-0.0102446
0.522013
-0.00121039
0.00881202
18.3773
-1.69509e-05
0.00144187
7.20449e-05
-0.0124713
0.656643
-0.00134332
0.0123054
15.7155
-1.89225e-05
0.00164506
7.76823e-05
-0.0135787
0.728529
-0.00138301
0.0085369
14.2341
-2.1119e-05
0.0018766
7.70544e-05
-0.013491
0.725579
-0.00143948
0.0125774
14.2741
-2.09637e-05
0.00184675
7.68281e-05
-0.0134397
0.723298
-0.00144331
0.0133823
14.3566
-2.15803e-05
0.00186751
7.7046e-05
-0.0134441
0.722285
-0.00146171
0.00977632
14.4599
-2.32539e-05
0.00203717
7.55386e-05
-0.0132124
0.713047
-0.00148921
0.0129748
14.5704
-2.36792e-05
0.00203276
7.45859e-05
-0.0130647
0.707657
-0.00150233
0.0156147
14.6511
-2.38661e-05
0.00200537
7.49695e-05
-0.0131487
0.713763
-0.0015051
0.0159239
14.595
-2.38934e-05
0.00199306
7.46445e-05
-0.0130766
0.71084
-0.001522
0.0156974
14.6596
-2.51914e-05
0.0020848
7.57203e-05
-0.0133098
0.728005
-0.00155555
0.0195893
14.3191
-2.4974e-05
0.00202628
7.52984e-05
-0.0132071
0.722302
-0.00157088
0.017983
14.4569
-2.67307e-05
0.00217352
7.60201e-05
-0.0133595
0.734091
-0.00160985
0.0212084
14.2114
-2.70498e-05
0.00216899
7.65305e-05
-0.0134728
0.743129
-0.0016346
0.0237425
14.0531
-2.73374e-05
0.00216063
5.44673e-05
-0.00908293
0.441906
-0.001178
0.00480119
19.9903
-1.47333e-05
0.00141706
6.08747e-05
-0.0103324
0.522013
-0.00128105
0.00881201
18.3773
-1.72335e-05
0.00159551
7.32227e-05
-0.0126004
0.656643
-0.0014416
0.0123054
15.7572
-1.9247e-05
0.00182802
7.86945e-05
-0.0136887
0.728529
-0.00148404
0.00853676
14.2341
-2.17281e-05
0.00208455
7.78231e-05
-0.0135799
0.725579
-0.00151072
0.0125774
14.2741
-2.11334e-05
0.00199966
7.76745e-05
-0.0135358
0.723298
-0.00152081
0.0133822
14.3566
-2.18344e-05
0.00203253
7.79794e-05
-0.0135546
0.722285
-0.00158016
0.00977631
14.4599
-2.37116e-05
0.00225775
7.69933e-05
-0.0133668
0.713047
-0.00160044
0.0129748
14.6121
-2.42901e-05
0.0022565
7.5653e-05
-0.0131809
0.707657
-0.00160987
0.0156148
14.6511
-2.43375e-05
0.00221363
7.62693e-05
-0.0132873
0.713763
-0.00163671
0.0159239
14.595
-2.48727e-05
0.00226302
7.582e-05
-0.0132042
0.71084
-0.00164264
0.0156974
14.6596
-2.58547e-05
0.00232369
7.69873e-05
-0.013444
0.728005
-0.00166863
0.0195893
14.3191
-2.57601e-05
0.00226881
7.65525e-05
-0.0133417
0.722302
-0.00169369
0.017983
14.4569
-2.73271e-05
0.00241127
7.72444e-05
-0.0134942
0.734091
-0.00173948
0.0212084
14.2114
-2.77255e-05
0.00242234
7.78348e-05
-0.0136096
0.743129
-0.00175179
0.0237425
14.0531
-2.80526e-05
0.00240253
5.51618e-05
-0.00916458
0.441906
-0.00123764
0.00480118
19.9903
-1.47844e-05
0.00154603
6.17755e-05
-0.0104395
0.522013
-0.00138849
0.00881203
18.3773
-1.76312e-05
0.00180108
7.38878e-05
-0.0126797
0.656643
-0.00153657
0.0123054
15.7155
-1.98441e-05
0.00203538
7.92471e-05
-0.013772
0.728529
-0.00158347
0.00853671
14.2341
-2.1629e-05
0.00225209
7.8858e-05
-0.0136931
0.725579
-0.00160159
0.0125774
14.2741
-2.17039e-05
0.00220103
7.87495e-05
-0.0136585
0.723298
-0.00165076
0.0133822
14.3566
-2.25554e-05
0.00228132
7.87818e-05
-0.0136545
0.722285
-0.00167339
0.00977631
14.4599
-2.38105e-05
0.00243434
7.76523e-05
-0.0134487
0.713047
-0.00170193
0.0129748
14.5704
-2.45777e-05
0.00245455
7.67201e-05
-0.0133039
0.707657
-0.00172212
0.0156147
14.6511
-2.47304e-05
0.00243215
7.72939e-05
-0.0134058
0.713763
-0.00174805
0.0159239
14.595
-2.53168e-05
0.00248185
7.68454e-05
-0.0133287
0.71084
-0.00176772
0.0156974
14.6596
-2.63163e-05
0.00256205
7.81842e-05
-0.0135814
0.728005
-0.00180443
0.0195893
14.3191
-2.63733e-05
0.00252853
7.77425e-05
-0.0134823
0.722302
-0.00184492
0.017983
14.4569
-2.80273e-05
0.00269249
7.82954e-05
-0.013621
0.734091
-0.00186336
0.0212083
14.2114
-2.79722e-05
0.00264747
7.91477e-05
-0.0137583
0.743129
-0.00189386
0.0237425
14.0531
-2.86887e-05
0.00267206
5.58977e-05
-0.00926084
0.441906
-0.00132315
0.00480118
19.9903
-1.48094e-05
0.00171128
6.24992e-05
-0.0105264
0.522013
-0.00144829
0.00881201
18.3773
-1.78587e-05
0.00194709
7.46454e-05
-0.0127787
0.656643
-0.00162829
0.0123054
15.7155
-2.01268e-05
0.00222494
8.0423e-05
-0.0138978
0.728529
-0.00167313
0.0085367
14.2341
-2.23268e-05
0.0024645
7.97214e-05
-0.0138013
0.725579
-0.00170234
0.0125774
14.2741
-2.20761e-05
0.00240599
7.96529e-05
-0.0137725
0.723298
-0.00175154
0.0133822
14.3566
-2.27267e-05
0.00247886
8.00321e-05
-0.0137918
0.722285
-0.00178738
0.00977642
14.4599
-2.47001e-05
0.00268846
7.84342e-05
-0.0135527
0.713047
-0.00180215
0.0129748
14.5704
-2.4775e-05
0.0026508
7.75575e-05
-0.0134158
0.707657
-0.00184287
0.0156147
14.6511
-2.50426e-05
0.00265584
7.82626e-05
-0.0135267
0.713763
-0.00185967
0.0159239
14.595
-2.5573e-05
0.0026976
7.78671e-05
-0.013455
0.71084
-0.0018947
0.0156974
14.6596
-2.67264e-05
0.00280206
7.90542e-05
-0.0136969
0.728005
-0.00191825
0.0195893
14.3191
-2.65171e-05
0.00274021
7.84216e-05
-0.0135853
0.722302
-0.00195753
0.017983
14.4569
-2.77224e-05
0.00287602
7.92765e-05
-0.0137455
0.734091
-0.00198075
0.0212083
14.2114
-2.81698e-05
0.00286993
8.01218e-05
-0.0138873
0.743129
-0.00203089
0.0237425
14.0531
-2.88425e-05
0.0029124
5.65344e-05
-0.00934362
0.441906
-0.0013885
0.00480121
19.9903
-1.49564e-05
0.00185471
6.33989e-05
-0.0106377
0.522013
-0.00154309
0.00881201
18.3773
-1.80861e-05
0.00213792
7.53834e-05
-0.0128733
0.656643
-0.00169639
0.0123054
15.7155
-2.03081e-05
0.00238372
8.10962e-05
-0.0139912
0.728529
-0.00175467
0.0085367
14.2341
-2.2345e-05
0.00262868
8.04089e-05
-0.0139002
0.725579
-0.00180623
0.0125774
14.2741
-2.20907e-05
0.00259202
8.03869e-05
-0.0138699
0.723298
-0.00183398
0.0133822
14.3566
-2.28778e-05
0.00265208
8.04575e-05
-0.0138739
0.722285
-0.00188117
0.00977639
14.4599
-2.43356e-05
0.00284392
7.92774e-05
-0.0136625
0.713047
-0.00189786
0.0129748
14.5704
-2.48113e-05
0.00283608
7.83296e-05
-0.0135213
0.707657
-0.00192391
0.0156147
14.6511
-2.49726e-05
0.00282503
7.90729e-05
-0.0136349
0.713763
-0.0019484
0.0159239
14.595
-2.55489e-05
0.00287452
7.85786e-05
-0.0135593
0.71084
-0.0019909
0.0156974
14.6596
-2.65542e-05
0.00297992
7.98581e-05
-0.013808
0.728005
-0.00201577
0.0195894
14.3191
-2.64087e-05
0.00292413
7.9402e-05
-0.0137145
0.722302
-0.0020759
0.017983
14.4569
-2.79557e-05
0.00310652
8.01589e-05
-0.0138678
0.734091
-0.00209904
0.0212083
14.2114
-2.82505e-05
0.00309009
8.0674e-05
-0.0139887
0.743129
-0.00214099
0.0237425
14.0531
-2.83008e-05
0.00308907
5.70968e-05
-0.00942946
0.441906
-0.00145591
0.00480118
19.9903
-1.47799e-05
0.00199287
6.39453e-05
-0.0107171
0.522013
-0.00158956
0.00881201
18.3773
-1.78723e-05
0.00225025
7.61129e-05
-0.0129752
0.656643
-0.00179347
0.0123054
15.7155
-2.05714e-05
0.00257997
8.15813e-05
-0.0140752
0.728529
-0.00183016
0.0085367
14.2341
-2.20847e-05
0.00277331
8.10746e-05
-0.0139959
0.725579
-0.00188337
0.0125774
14.2741
-2.21848e-05
0.00276166
8.08116e-05
-0.0139513
0.723298
-0.00191332
0.0133822
14.3566
-2.25002e-05
0.00279546
8.13471e-05
-0.0139856
0.722285
-0.00195448
0.00977631
14.4599
-2.448e-05
0.00301738
7.96825e-05
-0.0137469
0.713047
-0.00198585
0.0129748
14.5704
-2.43813e-05
0.00298958
7.88118e-05
-0.0136088
0.707657
-0.0020134
0.0156147
14.6511
-2.44775e-05
0.00297216
7.93739e-05
-0.0137121
0.713763
-0.0020389
0.0159239
14.595
-2.48321e-05
0.00301197
7.92532e-05
-0.0136601
0.71084
-0.00207046
0.0156974
14.6596
-2.62328e-05
0.00313291
8.05139e-05
-0.013916
0.728005
-0.00212758
0.0195893
14.3191
-2.63148e-05
0.00312954
8.00424e-05
-0.0138172
0.722302
-0.00216837
0.017983
14.4569
-2.76043e-05
0.00327475
8.06928e-05
-0.0139663
0.734091
-0.00219533
0.0212083
14.2114
-2.76861e-05
0.0032525
8.14442e-05
-0.0141029
0.743129
-0.00224083
0.0237425
14.0531
-2.79705e-05
0.00326974
5.75019e-05
-0.00949893
0.441906
-0.0014914
0.00480118
19.9903
-1.42809e-05
0.00207674
6.44486e-05
-0.0107994
0.522013
-0.00164789
0.00881201
18.3773
-1.7723e-05
0.00238266
7.64168e-05
-0.0130444
0.656643
-0.001841
0.0123054
15.7155
-1.98232e-05
0.0026669
8.21804e-05
-0.014166
0.728529
-0.0019053
0.0085367
14.2341
-2.2046e-05
0.00292983
8.16234e-05
-0.0140857
0.725579
-0.00195302
0.0125774
14.2741
-2.18652e-05
0.00289996
8.107e-05
-0.0140205
0.723298
-0.00197282
0.0133822
14.3566
-2.16158e-05
0.00288904
8.14515e-05
-0.0140455
0.722285
-0.00201189
0.00977631
14.4599
-2.33567e-05
0.0030947
8.00069e-05
-0.0138241
0.713047
-0.00205679
0.0129748
14.5704
-2.35608e-05
0.00309988
7.92075e-05
-0.0136928
0.707657
-0.00209028
0.0156147
14.6511
-2.38592e-05
0.00310574
8.00662e-05
-0.0138168
0.713763
-0.00211821
0.0159239
14.595
-2.46238e-05
0.00317509
7.96312e-05
-0.0137473
0.71084
-0.00216288
0.0156974
14.6596
-2.55177e-05
0.00327751
8.07585e-05
-0.0139924
0.728005
-0.0022094
0.0195893
14.3191
-2.52007e-05
0.00323719
8.02874e-05
-0.0138924
0.722302
-0.00223718
0.0179831
14.4569
-2.64773e-05
0.00337174
8.08346e-05
-0.0140383
0.734091
-0.00228594
0.0212083
14.2114
-2.6327e-05
0.00335563
8.16545e-05
-0.0141781
0.743129
-0.00231094
0.0237425
14.0531
-2.67841e-05
0.00336901
5.79623e-05
-0.00957879
0.441906
-0.00154123
0.00480118
19.9903
-1.38699e-05
0.00218683
6.47705e-05
-0.0108715
0.522013
-0.00170516
0.00881204
18.3773
-1.72382e-05
0.00249586
7.66255e-05
-0.0131074
0.656643
-0.00189716
0.0127106
15.7155
-1.88732e-05
0.0027393
8.22629e-05
-0.0142236
0.728529
-0.00195748
0.0085367
14.2341
-2.09807e-05
0.00300366
8.16733e-05
-0.0141369
0.725579
-0.00199152
0.0125774
14.2741
-2.07722e-05
0.00295611
8.16594e-05
-0.0141092
0.723298
-0.00201483
0.0133822
14.3566
-2.1338e-05
0.00300254
8.20557e-05
-0.0141419
0.722285
-0.00207817
0.00977631
14.4599
-2.3119e-05
0.0032408
8.0037e-05
-0.0138795
0.713047
-0.00210695
0.0129749
14.5705
-2.23819e-05
0.00316934
7.93548e-05
-0.0137577
0.707657
-0.00214186
0.0156147
14.6511
-2.28448e-05
0.00318846
8.02941e-05
-0.0138914
0.713763
-0.00218799
0.0159239
14.595
-2.36835e-05
0.00328338
7.97465e-05
-0.0138132
0.71084
-0.00222098
0.0156974
14.6596
-2.44005e-05
0.00336433
8.10062e-05
-0.0140693
0.728005
-0.0022727
0.0195893
14.3191
-2.42212e-05
0.00334229
8.0504e-05
-0.013966
0.722302
-0.00229794
0.017983
14.4569
-2.53751e-05
0.00346498
8.11933e-05
-0.0141238
0.734091
-0.00235169
0.0212084
14.2114
-2.54718e-05
0.00347173
8.18564e-05
-0.0142543
0.743129
-0.00238486
0.0237425
14.0531
-2.57541e-05
0.00348074
