# ASCII file created 2001/8/2 (19:45:48)  


[ Rich Mapping Parameters Setup ]

MaxPads MaxRows MaxCols MaxRCs MaxPorts MaxModules MaxChannels UnconnCh 
4712	96	96	2	8	5	64	88	

[ Rich Mapping Parameters ]

Col	Row	RC	Port	Module	Channel	
44	13	0	0	0	0	
45	13	0	0	0	1	
40	11	0	0	0	2	
41	11	0	0	0	3	
37	10	0	0	0	4	
38	10	0	0	0	5	
39	10	0	0	0	6	
40	10	0	0	0	7	
44	12	0	0	0	8	
45	12	0	0	0	9	
43	12	0	0	0	10	
41	10	0	0	0	11	
42	11	0	0	0	12	
38	9	0	0	0	13	
39	9	0	0	0	14	
40	9	0	0	0	15	
41	9	0	0	0	16	
43	11	0	0	0	17	
44	11	0	0	0	18	
45	11	0	0	0	19	
38	8	0	0	0	20	
39	8	0	0	0	21	
40	8	0	0	0	22	
41	8	0	0	0	23	
39	7	0	0	0	24	
40	7	0	0	0	25	
41	7	0	0	0	26	
43	10	0	0	0	27	
42	10	0	0	0	28	
42	9	0	0	0	29	
44	10	0	0	0	30	
45	10	0	0	0	31	
42	8	0	0	0	32	
42	7	0	0	0	33	
39	6	0	0	0	34	
40	6	0	0	0	35	
41	6	0	0	0	36	
42	6	0	0	0	37	
40	5	0	0	0	38	
41	5	0	0	0	39	
44	9	0	0	0	40	
45	9	0	0	0	41	
42	5	0	0	0	42	
43	9	0	0	0	43	
40	4	0	0	0	44	
41	4	0	0	0	45	
42	4	0	0	0	46	
43	8	0	0	0	47	
43	7	0	0	0	48	
41	3	0	0	0	49	
44	8	0	0	0	50	
43	1	0	0	0	51	
43	6	0	0	0	52	
45	8	0	0	0	53	
43	5	0	0	0	54	
43	2	0	0	0	55	
42	3	0	0	0	56	
43	3	0	0	0	57	
42	2	0	0	0	58	
43	4	0	0	0	59	
42	1	0	0	0	60	
44	6	0	0	0	61	
44	7	0	0	0	62	
45	7	0	0	0	63	
47	11	0	0	1	0	
48	11	0	0	1	1	
44	5	0	0	1	2	
51	5	0	0	1	3	
44	4	0	0	1	4	
51	4	0	0	1	5	
44	3	0	0	1	6	
51	3	0	0	1	7	
46	10	0	0	1	8	
49	10	0	0	1	9	
44	2	0	0	1	10	
51	2	0	0	1	11	
44	1	0	0	1	12	
51	1	0	0	1	13	
47	10	0	0	1	14	
48	10	0	0	1	15	
46	9	0	0	1	16	
49	9	0	0	1	17	
45	6	0	0	1	18	
50	6	0	0	1	19	
45	5	0	0	1	20	
50	5	0	0	1	21	
47	9	0	0	1	22	
48	9	0	0	1	23	
45	4	0	0	1	24	
50	4	0	0	1	25	
45	3	0	0	1	26	
50	3	0	0	1	27	
45	2	0	0	1	28	
50	2	0	0	1	29	
45	1	0	0	1	30	
50	1	0	0	1	31	
46	8	0	0	1	32	
49	8	0	0	1	33	
47	8	0	0	1	34	
48	8	0	0	1	35	
46	7	0	0	1	36	
49	7	0	0	1	37	
46	6	0	0	1	38	
49	6	0	0	1	39	
46	5	0	0	1	40	
49	5	0	0	1	41	
46	4	0	0	1	42	
49	4	0	0	1	43	
46	3	0	0	1	44	
49	3	0	0	1	45	
46	2	0	0	1	46	
49	2	0	0	1	47	
47	7	0	0	1	48	
48	7	0	0	1	49	
46	1	0	0	1	50	
49	1	0	0	1	51	
47	1	0	0	1	52	
48	1	0	0	1	53	
47	2	0	0	1	54	
48	2	0	0	1	55	
47	6	0	0	1	56	
48	6	0	0	1	57	
47	3	0	0	1	58	
48	3	0	0	1	59	
47	4	0	0	1	60	
48	4	0	0	1	61	
47	5	0	0	1	62	
48	5	0	0	1	63	
50	13	0	0	2	0	
51	13	0	0	2	1	
54	11	0	0	2	2	
55	11	0	0	2	3	
57	10	0	0	2	4	
58	10	0	0	2	5	
55	10	0	0	2	6	
56	10	0	0	2	7	
50	12	0	0	2	8	
51	12	0	0	2	9	
54	10	0	0	2	10	
52	12	0	0	2	11	
57	9	0	0	2	12	
53	11	0	0	2	13	
55	9	0	0	2	14	
56	9	0	0	2	15	
52	11	0	0	2	16	
54	9	0	0	2	17	
50	11	0	0	2	18	
51	11	0	0	2	19	
56	8	0	0	2	20	
57	8	0	0	2	21	
54	8	0	0	2	22	
55	8	0	0	2	23	
55	7	0	0	2	24	
56	7	0	0	2	25	
52	10	0	0	2	26	
54	7	0	0	2	27	
53	9	0	0	2	28	
53	10	0	0	2	29	
50	10	0	0	2	30	
51	10	0	0	2	31	
53	7	0	0	2	32	
53	8	0	0	2	33	
55	6	0	0	2	34	
56	6	0	0	2	35	
53	6	0	0	2	36	
54	6	0	0	2	37	
54	5	0	0	2	38	
55	5	0	0	2	39	
50	9	0	0	2	40	
51	9	0	0	2	41	
52	9	0	0	2	42	
53	5	0	0	2	43	
54	4	0	0	2	44	
55	4	0	0	2	45	
52	8	0	0	2	46	
53	4	0	0	2	47	
54	3	0	0	2	48	
52	7	0	0	2	49	
52	1	0	0	2	50	
51	8	0	0	2	51	
50	8	0	0	2	52	
52	6	0	0	2	53	
52	2	0	0	2	54	
52	5	0	0	2	55	
52	3	0	0	2	56	
53	3	0	0	2	57	
52	4	0	0	2	58	
53	2	0	0	2	59	
51	6	0	0	2	60	
53	1	0	0	2	61	
50	7	0	0	2	62	
51	7	0	0	2	63	
47	16	0	0	3	0	
46	16	0	0	3	1	
47	15	0	0	3	2	
47	14	0	0	3	3	
47	13	0	0	3	4	
47	12	0	0	3	5	
45	17	0	0	3	6	
45	16	0	0	3	7	
46	15	0	0	3	8	
46	14	0	0	3	9	
46	13	0	0	3	10	
46	12	0	0	3	11	
46	11	0	0	3	12	
45	15	0	0	3	13	
45	14	0	0	3	14	
44	14	0	0	3	15	
44	15	0	0	3	16	
44	16	0	0	3	17	
42	12	0	0	3	18	
43	13	0	0	3	19	
43	14	0	0	3	20	
43	15	0	0	3	21	
42	13	0	0	3	22	
42	14	0	0	3	23	
42	15	0	0	3	24	
40	12	0	0	3	25	
43	17	0	0	3	26	
43	16	0	0	3	27	
36	11	0	0	3	28	
37	11	0	0	3	29	
38	11	0	0	3	30	
39	11	0	0	3	31	
41	12	0	0	3	32	
42	16	0	0	3	33	
41	14	0	0	3	34	
41	13	0	0	3	35	
36	12	0	0	3	36	
41	15	0	0	3	37	
38	12	0	0	3	38	
37	12	0	0	3	39	
40	13	0	0	3	40	
39	12	0	0	3	41	
38	13	0	0	3	42	
39	13	0	0	3	43	
36	13	0	0	3	44	
37	13	0	0	3	45	
41	16	0	0	3	46	
35	13	0	0	3	47	
39	14	0	0	3	48	
40	14	0	0	3	49	
37	14	0	0	3	50	
38	14	0	0	3	51	
35	14	0	0	3	52	
36	14	0	0	3	53	
40	15	0	0	3	54	
40	16	0	0	3	55	
38	15	0	0	3	56	
39	15	0	0	3	57	
36	15	0	0	3	58	
37	15	0	0	3	59	
34	15	0	0	3	60	
35	15	0	0	3	61	
34	16	0	0	3	62	
39	16	0	0	3	63	
56	17	0	0	4	0	
56	16	0	0	4	1	
55	16	0	0	4	2	
61	15	0	0	4	3	
60	15	0	0	4	4	
59	15	0	0	4	5	
58	15	0	0	4	6	
57	15	0	0	4	7	
56	15	0	0	4	8	
60	14	0	0	4	9	
59	14	0	0	4	10	
58	14	0	0	4	11	
55	15	0	0	4	12	
57	14	0	0	4	13	
56	14	0	0	4	14	
55	14	0	0	4	15	
54	16	0	0	4	16	
60	13	0	0	4	17	
59	13	0	0	4	18	
58	13	0	0	4	19	
57	13	0	0	4	20	
56	13	0	0	4	21	
55	13	0	0	4	22	
56	12	0	0	4	23	
57	12	0	0	4	24	
58	12	0	0	4	25	
59	12	0	0	4	26	
54	15	0	0	4	27	
54	14	0	0	4	28	
54	13	0	0	4	29	
54	12	0	0	4	30	
53	16	0	0	4	31	
57	11	0	0	4	32	
56	11	0	0	4	33	
59	11	0	0	4	34	
58	11	0	0	4	35	
52	17	0	0	4	36	
52	16	0	0	4	37	
53	15	0	0	4	38	
55	12	0	0	4	39	
53	13	0	0	4	40	
53	14	0	0	4	41	
52	14	0	0	4	42	
52	15	0	0	4	43	
53	12	0	0	4	44	
52	13	0	0	4	45	
51	15	0	0	4	46	
51	16	0	0	4	47	
50	14	0	0	4	48	
51	14	0	0	4	49	
49	11	0	0	4	50	
50	15	0	0	4	51	
49	13	0	0	4	52	
49	12	0	0	4	53	
49	15	0	0	4	54	
49	14	0	0	4	55	
50	17	0	0	4	56	
50	16	0	0	4	57	
48	13	0	0	4	58	
48	12	0	0	4	59	
48	15	0	0	4	60	
48	14	0	0	4	61	
48	16	0	0	4	62	
49	16	0	0	4	63	
45	20	0	1	0	0	
45	19	0	1	0	1	
46	19	0	1	0	2	
47	19	0	1	0	3	
44	20	0	1	0	4	
44	19	0	1	0	5	
47	18	0	1	0	6	
46	18	0	1	0	7	
45	18	0	1	0	8	
47	17	0	1	0	9	
46	17	0	1	0	10	
44	18	0	1	0	11	
44	17	0	1	0	12	
43	18	0	1	0	13	
43	20	0	1	0	14	
43	19	0	1	0	15	
42	20	0	1	0	16	
42	17	0	1	0	17	
42	18	0	1	0	18	
42	19	0	1	0	19	
40	17	0	1	0	20	
41	17	0	1	0	21	
38	16	0	1	0	22	
41	18	0	1	0	23	
38	17	0	1	0	24	
39	17	0	1	0	25	
37	17	0	1	0	26	
37	16	0	1	0	27	
36	17	0	1	0	28	
36	16	0	1	0	29	
35	17	0	1	0	30	
35	16	0	1	0	31	
33	17	0	1	0	32	
34	17	0	1	0	33	
41	20	0	1	0	34	
41	19	0	1	0	35	
39	18	0	1	0	36	
40	18	0	1	0	37	
37	18	0	1	0	38	
38	18	0	1	0	39	
35	18	0	1	0	40	
36	18	0	1	0	41	
33	18	0	1	0	42	
34	18	0	1	0	43	
40	20	0	1	0	44	
32	18	0	1	0	45	
31	20	0	1	0	46	
40	19	0	1	0	47	
33	20	0	1	0	48	
32	20	0	1	0	49	
35	20	0	1	0	50	
34	20	0	1	0	51	
37	20	0	1	0	52	
36	20	0	1	0	53	
39	20	0	1	0	54	
39	19	0	1	0	55	
33	19	0	1	0	56	
32	19	0	1	0	57	
35	19	0	1	0	58	
34	19	0	1	0	59	
37	19	0	1	0	60	
36	19	0	1	0	61	
38	20	0	1	0	62	
38	19	0	1	0	63	
57	20	0	1	1	0	
57	19	0	1	1	1	
58	19	0	1	1	2	
59	19	0	1	1	3	
60	19	0	1	1	4	
61	19	0	1	1	5	
62	19	0	1	1	6	
63	19	0	1	1	7	
58	20	0	1	1	8	
59	20	0	1	1	9	
60	20	0	1	1	10	
56	19	0	1	1	11	
56	20	0	1	1	12	
61	20	0	1	1	13	
62	20	0	1	1	14	
63	20	0	1	1	15	
64	20	0	1	1	16	
63	18	0	1	1	17	
62	18	0	1	1	18	
61	18	0	1	1	19	
60	18	0	1	1	20	
59	18	0	1	1	21	
58	18	0	1	1	22	
55	19	0	1	1	23	
55	20	0	1	1	24	
57	18	0	1	1	25	
56	18	0	1	1	26	
55	18	0	1	1	27	
62	17	0	1	1	28	
61	17	0	1	1	29	
61	16	0	1	1	30	
60	17	0	1	1	31	
60	16	0	1	1	32	
54	19	0	1	1	33	
54	20	0	1	1	34	
54	18	0	1	1	35	
59	17	0	1	1	36	
59	16	0	1	1	37	
58	16	0	1	1	38	
58	17	0	1	1	39	
57	17	0	1	1	40	
57	16	0	1	1	41	
55	17	0	1	1	42	
53	18	0	1	1	43	
53	19	0	1	1	44	
54	17	0	1	1	45	
53	17	0	1	1	46	
52	18	0	1	1	47	
53	20	0	1	1	48	
52	19	0	1	1	49	
52	20	0	1	1	50	
51	17	0	1	1	51	
50	18	0	1	1	52	
51	18	0	1	1	53	
49	17	0	1	1	54	
49	18	0	1	1	55	
48	18	0	1	1	56	
48	17	0	1	1	57	
49	19	0	1	1	58	
48	19	0	1	1	59	
50	20	0	1	1	60	
50	19	0	1	1	61	
51	20	0	1	1	62	
51	19	0	1	1	63	
43	23	0	1	2	0	
43	22	0	1	2	1	
46	22	0	1	2	2	
45	22	0	1	2	3	
44	22	0	1	2	4	
42	22	0	1	2	5	
42	23	0	1	2	6	
42	21	0	1	2	7	
43	21	0	1	2	8	
44	21	0	1	2	9	
45	21	0	1	2	10	
46	21	0	1	2	11	
47	21	0	1	2	12	
46	20	0	1	2	13	
42	24	0	1	2	14	
47	20	0	1	2	15	
41	23	0	1	2	16	
41	22	0	1	2	17	
41	24	0	1	2	18	
41	21	0	1	2	19	
40	24	0	1	2	20	
39	24	0	1	2	21	
38	24	0	1	2	22	
40	21	0	1	2	23	
40	23	0	1	2	24	
40	22	0	1	2	25	
38	21	0	1	2	26	
39	21	0	1	2	27	
36	21	0	1	2	28	
37	21	0	1	2	29	
39	23	0	1	2	30	
35	21	0	1	2	31	
33	21	0	1	2	32	
34	21	0	1	2	33	
31	21	0	1	2	34	
32	21	0	1	2	35	
29	24	0	1	2	36	
39	22	0	1	2	37	
31	24	0	1	2	38	
30	24	0	1	2	39	
33	24	0	1	2	40	
32	24	0	1	2	41	
35	24	0	1	2	42	
34	24	0	1	2	43	
37	24	0	1	2	44	
36	24	0	1	2	45	
38	23	0	1	2	46	
38	22	0	1	2	47	
34	22	0	1	2	48	
35	22	0	1	2	49	
32	22	0	1	2	50	
33	22	0	1	2	51	
37	23	0	1	2	52	
37	22	0	1	2	53	
30	22	0	1	2	54	
31	22	0	1	2	55	
31	23	0	1	2	56	
30	23	0	1	2	57	
33	23	0	1	2	58	
32	23	0	1	2	59	
35	23	0	1	2	60	
34	23	0	1	2	61	
36	23	0	1	2	62	
36	22	0	1	2	63	
59	23	0	1	3	0	
59	22	0	1	3	1	
60	23	0	1	3	2	
60	22	0	1	3	3	
61	23	0	1	3	4	
61	22	0	1	3	5	
62	23	0	1	3	6	
62	22	0	1	3	7	
63	23	0	1	3	8	
63	22	0	1	3	9	
58	23	0	1	3	10	
58	22	0	1	3	11	
64	23	0	1	3	12	
64	22	0	1	3	13	
65	23	0	1	3	14	
65	22	0	1	3	15	
58	24	0	1	3	16	
58	21	0	1	3	17	
57	24	0	1	3	18	
59	21	0	1	3	19	
57	23	0	1	3	20	
57	22	0	1	3	21	
59	24	0	1	3	22	
60	21	0	1	3	23	
60	24	0	1	3	24	
61	21	0	1	3	25	
61	24	0	1	3	26	
62	21	0	1	3	27	
62	24	0	1	3	28	
63	21	0	1	3	29	
56	24	0	1	3	30	
64	21	0	1	3	31	
56	23	0	1	3	32	
56	22	0	1	3	33	
63	24	0	1	3	34	
57	21	0	1	3	35	
64	24	0	1	3	36	
56	21	0	1	3	37	
65	24	0	1	3	38	
55	22	0	1	3	39	
66	24	0	1	3	40	
55	21	0	1	3	41	
55	23	0	1	3	42	
54	21	0	1	3	43	
55	24	0	1	3	44	
53	21	0	1	3	45	
54	23	0	1	3	46	
54	22	0	1	3	47	
54	24	0	1	3	48	
52	21	0	1	3	49	
50	21	0	1	3	50	
51	21	0	1	3	51	
49	21	0	1	3	52	
49	20	0	1	3	53	
48	21	0	1	3	54	
48	20	0	1	3	55	
53	24	0	1	3	56	
49	22	0	1	3	57	
51	22	0	1	3	58	
50	22	0	1	3	59	
53	23	0	1	3	60	
53	22	0	1	3	61	
52	23	0	1	3	62	
52	22	0	1	3	63	
51	26	0	1	4	0	
51	25	0	1	4	1	
52	26	0	1	4	2	
52	25	0	1	4	3	
53	26	0	1	4	4	
53	25	0	1	4	5	
50	26	0	1	4	6	
50	25	0	1	4	7	
53	27	0	1	4	8	
50	24	0	1	4	9	
52	28	0	1	4	10	
51	24	0	1	4	11	
52	27	0	1	4	12	
52	24	0	1	4	13	
51	27	0	1	4	14	
49	25	0	1	4	15	
50	27	0	1	4	16	
49	24	0	1	4	17	
49	26	0	1	4	18	
51	23	0	1	4	19	
49	27	0	1	4	20	
50	23	0	1	4	21	
49	23	0	1	4	23	
48	27	0	1	4	24	
48	25	0	1	4	25	
48	26	0	1	4	26	
48	24	0	1	4	27	
48	23	0	1	4	28	
48	22	0	1	4	29	
47	23	0	1	4	34	
47	22	0	1	4	35	
47	26	0	1	4	36	
47	24	0	1	4	37	
47	27	0	1	4	38	
47	25	0	1	4	39	
46	23	0	1	4	41	
46	27	0	1	4	42	
45	23	0	1	4	43	
46	26	0	1	4	44	
44	23	0	1	4	45	
45	27	0	1	4	46	
46	24	0	1	4	47	
44	27	0	1	4	48	
46	25	0	1	4	49	
43	27	0	1	4	50	
43	24	0	1	4	51	
43	28	0	1	4	52	
44	24	0	1	4	53	
42	27	0	1	4	54	
45	24	0	1	4	55	
45	26	0	1	4	56	
45	25	0	1	4	57	
42	26	0	1	4	58	
42	25	0	1	4	59	
43	26	0	1	4	60	
43	25	0	1	4	61	
44	26	0	1	4	62	
44	25	0	1	4	63	
41	27	0	2	0	0	
41	26	0	2	0	1	
42	28	0	2	0	2	
41	25	0	2	0	3	
41	28	0	2	0	4	
40	25	0	2	0	5	
40	27	0	2	0	6	
40	26	0	2	0	7	
40	28	0	2	0	8	
39	28	0	2	0	12	
39	25	0	2	0	13	
39	27	0	2	0	14	
39	26	0	2	0	15	
38	28	0	2	0	20	
38	25	0	2	0	21	
38	27	0	2	0	22	
38	26	0	2	0	23	
36	25	0	2	0	24	
37	25	0	2	0	25	
34	25	0	2	0	26	
35	25	0	2	0	27	
32	25	0	2	0	28	
33	25	0	2	0	29	
30	25	0	2	0	30	
31	25	0	2	0	31	
37	28	0	2	0	32	
29	25	0	2	0	33	
37	27	0	2	0	34	
28	25	0	2	0	35	
36	28	0	2	0	36	
37	26	0	2	0	37	
30	28	0	2	0	38	
29	28	0	2	0	39	
32	28	0	2	0	40	
31	28	0	2	0	41	
34	28	0	2	0	42	
33	28	0	2	0	43	
36	27	0	2	0	44	
35	28	0	2	0	45	
28	26	0	2	0	46	
36	26	0	2	0	47	
30	26	0	2	0	48	
29	26	0	2	0	49	
32	26	0	2	0	50	
31	26	0	2	0	51	
35	27	0	2	0	52	
33	26	0	2	0	53	
27	27	0	2	0	54	
35	26	0	2	0	55	
29	27	0	2	0	56	
28	27	0	2	0	57	
31	27	0	2	0	58	
30	27	0	2	0	59	
33	27	0	2	0	60	
32	27	0	2	0	61	
34	27	0	2	0	62	
34	26	0	2	0	63	
61	27	0	2	1	0	
61	26	0	2	1	1	
63	27	0	2	1	2	
62	27	0	2	1	3	
65	27	0	2	1	4	
64	27	0	2	1	5	
67	27	0	2	1	6	
66	27	0	2	1	7	
60	26	0	2	1	8	
68	27	0	2	1	9	
60	27	0	2	1	10	
62	26	0	2	1	11	
64	26	0	2	1	12	
63	26	0	2	1	13	
66	26	0	2	1	14	
65	26	0	2	1	15	
68	28	0	2	1	16	
67	26	0	2	1	17	
66	28	0	2	1	18	
67	28	0	2	1	19	
59	27	0	2	1	20	
65	28	0	2	1	21	
59	28	0	2	1	22	
59	26	0	2	1	23	
63	28	0	2	1	24	
64	28	0	2	1	25	
61	28	0	2	1	26	
62	28	0	2	1	27	
58	28	0	2	1	28	
60	28	0	2	1	29	
58	27	0	2	1	30	
58	26	0	2	1	31	
60	25	0	2	1	32	
59	25	0	2	1	33	
62	25	0	2	1	34	
61	25	0	2	1	35	
64	25	0	2	1	36	
63	25	0	2	1	37	
66	25	0	2	1	38	
65	25	0	2	1	39	
57	27	0	2	1	40	
67	25	0	2	1	41	
57	26	0	2	1	43	
58	25	0	2	1	45	
57	25	0	2	1	47	
56	25	0	2	1	49	
56	27	0	2	1	50	
56	26	0	2	1	51	
55	28	0	2	1	54	
54	28	0	2	1	56	
55	25	0	2	1	57	
55	27	0	2	1	58	
55	26	0	2	1	59	
53	28	0	2	1	60	
54	25	0	2	1	61	
54	27	0	2	1	62	
54	26	0	2	1	63	
40	30	0	2	2	0	
40	29	0	2	2	1	
40	32	0	2	2	2	
40	31	0	2	2	3	
39	31	0	2	2	4	
39	32	0	2	2	5	
39	30	0	2	2	6	
39	29	0	2	2	7	
29	32	0	2	2	8	
38	29	0	2	2	9	
38	32	0	2	2	10	
30	32	0	2	2	11	
38	30	0	2	2	12	
38	31	0	2	2	13	
32	32	0	2	2	14	
31	32	0	2	2	15	
34	32	0	2	2	16	
33	32	0	2	2	17	
36	32	0	2	2	18	
35	32	0	2	2	19	
37	31	0	2	2	20	
37	32	0	2	2	21	
37	30	0	2	2	22	
37	29	0	2	2	23	
27	32	0	2	2	24	
28	32	0	2	2	25	
25	32	0	2	2	26	
26	32	0	2	2	27	
35	31	0	2	2	28	
34	31	0	2	2	29	
36	31	0	2	2	30	
33	31	0	2	2	31	
36	30	0	2	2	32	
36	29	0	2	2	33	
31	31	0	2	2	34	
32	31	0	2	2	35	
29	31	0	2	2	36	
30	31	0	2	2	37	
27	31	0	2	2	38	
28	31	0	2	2	39	
25	31	0	2	2	40	
26	31	0	2	2	41	
35	30	0	2	2	42	
35	29	0	2	2	43	
27	28	0	2	2	44	
28	28	0	2	2	45	
27	29	0	2	2	46	
26	29	0	2	2	47	
29	29	0	2	2	48	
28	29	0	2	2	49	
31	29	0	2	2	50	
30	29	0	2	2	51	
34	30	0	2	2	52	
32	29	0	2	2	53	
26	30	0	2	2	54	
34	29	0	2	2	55	
28	30	0	2	2	56	
27	30	0	2	2	57	
30	30	0	2	2	58	
29	30	0	2	2	59	
32	30	0	2	2	60	
31	30	0	2	2	61	
33	30	0	2	2	62	
33	29	0	2	2	63	
51	30	0	2	3	0	
51	29	0	2	3	1	
52	30	0	2	3	2	
52	29	0	2	3	3	
53	30	0	2	3	4	
53	29	0	2	3	5	
54	30	0	2	3	6	
54	29	0	2	3	7	
50	30	0	2	3	8	
50	29	0	2	3	9	
54	31	0	2	3	10	
51	28	0	2	3	11	
53	31	0	2	3	12	
50	28	0	2	3	13	
52	31	0	2	3	14	
51	31	0	2	3	15	
50	31	0	2	3	16	
49	31	0	2	3	17	
49	30	0	2	3	18	
49	29	0	2	3	19	
54	32	0	2	3	20	
49	28	0	2	3	21	
53	32	0	2	3	22	
52	32	0	2	3	23	
51	32	0	2	3	24	
50	32	0	2	3	25	
49	32	0	2	3	26	
48	32	0	2	3	27	
48	31	0	2	3	28	
48	29	0	2	3	29	
48	30	0	2	3	30	
48	28	0	2	3	31	
47	30	0	2	3	32	
47	28	0	2	3	33	
47	31	0	2	3	34	
47	29	0	2	3	35	
46	32	0	2	3	36	
47	32	0	2	3	37	
44	32	0	2	3	38	
45	32	0	2	3	39	
42	32	0	2	3	40	
43	32	0	2	3	41	
41	32	0	2	3	42	
46	28	0	2	3	43	
46	30	0	2	3	44	
46	29	0	2	3	45	
45	31	0	2	3	46	
46	31	0	2	3	47	
43	31	0	2	3	48	
44	31	0	2	3	49	
42	31	0	2	3	50	
45	28	0	2	3	51	
41	31	0	2	3	52	
44	28	0	2	3	53	
45	30	0	2	3	54	
45	29	0	2	3	55	
41	30	0	2	3	56	
41	29	0	2	3	57	
42	30	0	2	3	58	
42	29	0	2	3	59	
43	30	0	2	3	60	
43	29	0	2	3	61	
44	30	0	2	3	62	
44	29	0	2	3	63	
62	30	0	2	4	0	
62	29	0	2	4	1	
63	30	0	2	4	2	
64	30	0	2	4	3	
65	30	0	2	4	4	
66	30	0	2	4	5	
67	30	0	2	4	6	
68	30	0	2	4	7	
69	30	0	2	4	8	
61	29	0	2	4	9	
61	30	0	2	4	10	
63	29	0	2	4	11	
64	29	0	2	4	12	
65	29	0	2	4	13	
66	29	0	2	4	14	
67	29	0	2	4	15	
68	29	0	2	4	16	
69	29	0	2	4	17	
60	30	0	2	4	18	
60	29	0	2	4	19	
70	31	0	2	4	20	
69	31	0	2	4	21	
68	31	0	2	4	22	
67	31	0	2	4	23	
66	31	0	2	4	24	
65	31	0	2	4	25	
64	31	0	2	4	26	
63	31	0	2	4	27	
60	31	0	2	4	28	
59	29	0	2	4	29	
59	30	0	2	4	30	
59	31	0	2	4	31	
61	31	0	2	4	32	
62	31	0	2	4	33	
70	32	0	2	4	34	
69	32	0	2	4	35	
68	32	0	2	4	36	
67	32	0	2	4	37	
58	31	0	2	4	38	
58	32	0	2	4	39	
58	30	0	2	4	40	
58	29	0	2	4	41	
59	32	0	2	4	42	
60	32	0	2	4	43	
61	32	0	2	4	44	
62	32	0	2	4	45	
63	32	0	2	4	46	
64	32	0	2	4	47	
65	32	0	2	4	48	
66	32	0	2	4	49	
57	32	0	2	4	50	
57	30	0	2	4	51	
57	31	0	2	4	52	
57	29	0	2	4	53	
56	32	0	2	4	54	
57	28	0	2	4	55	
56	31	0	2	4	56	
56	28	0	2	4	57	
56	30	0	2	4	58	
56	29	0	2	4	59	
55	32	0	2	4	60	
55	31	0	2	4	61	
55	30	0	2	4	62	
55	29	0	2	4	63	
28	43	0	3	0	0	
27	43	0	3	0	1	
27	42	0	3	0	2	
27	41	0	3	0	3	
21	40	0	3	0	4	
22	40	0	3	0	5	
28	42	0	3	0	6	
23	40	0	3	0	7	
24	40	0	3	0	8	
25	40	0	3	0	9	
26	40	0	3	0	10	
21	39	0	3	0	11	
22	39	0	3	0	12	
23	39	0	3	0	13	
27	40	0	3	0	14	
29	42	0	3	0	15	
24	39	0	3	0	16	
25	39	0	3	0	18	
29	41	0	3	0	19	
28	41	0	3	0	20	
26	39	0	3	0	21	
27	39	0	3	0	22	
30	41	0	3	0	23	
28	40	0	3	0	24	
29	40	0	3	0	25	
22	38	0	3	0	26	
23	38	0	3	0	27	
24	38	0	3	0	28	
25	38	0	3	0	29	
22	37	0	3	0	30	
30	40	0	3	0	31	
23	37	0	3	0	32	
29	39	0	3	0	33	
24	37	0	3	0	34	
26	38	0	3	0	35	
28	39	0	3	0	36	
27	38	0	3	0	37	
23	36	0	3	0	38	
24	36	0	3	0	39	
25	37	0	3	0	40	
23	35	0	3	0	41	
24	35	0	3	0	42	
25	36	0	3	0	43	
25	35	0	3	0	44	
29	38	0	3	0	45	
28	38	0	3	0	46	
24	34	0	3	0	47	
24	33	0	3	0	48	
26	37	0	3	0	49	
27	37	0	3	0	50	
25	34	0	3	0	51	
25	33	0	3	0	52	
26	36	0	3	0	53	
26	35	0	3	0	54	
26	34	0	3	0	55	
26	33	0	3	0	56	
29	37	0	3	0	57	
28	37	0	3	0	58	
27	36	0	3	0	59	
27	35	0	3	0	60	
27	34	0	3	0	61	
27	33	0	3	0	62	
28	36	0	3	0	63	
31	43	0	3	1	0	
32	43	0	3	1	1	
30	47	0	3	1	2	
31	44	0	3	1	3	
29	47	0	3	1	4	
31	45	0	3	1	5	
31	42	0	3	1	6	
32	42	0	3	1	7	
28	47	0	3	1	8	
31	46	0	3	1	9	
27	47	0	3	1	10	
31	47	0	3	1	11	
30	46	0	3	1	12	
32	44	0	3	1	13	
30	45	0	3	1	14	
32	45	0	3	1	15	
31	41	0	3	1	16	
32	41	0	3	1	17	
30	44	0	3	1	18	
32	46	0	3	1	19	
30	43	0	3	1	20	
32	47	0	3	1	21	
29	46	0	3	1	22	
30	42	0	3	1	23	
27	46	0	3	1	24	
28	46	0	3	1	25	
31	40	0	3	1	26	
32	40	0	3	1	27	
28	45	0	3	1	28	
29	45	0	3	1	29	
29	44	0	3	1	30	
27	45	0	3	1	31	
27	44	0	3	1	32	
28	44	0	3	1	33	
29	43	0	3	1	34	
30	39	0	3	1	35	
31	39	0	3	1	36	
32	39	0	3	1	37	
30	38	0	3	1	39	
29	36	0	3	1	40	
28	35	0	3	1	41	
29	35	0	3	1	42	
28	34	0	3	1	43	
29	34	0	3	1	44	
28	33	0	3	1	45	
31	38	0	3	1	46	
32	38	0	3	1	47	
29	33	0	3	1	48	
30	37	0	3	1	49	
30	36	0	3	1	50	
30	35	0	3	1	51	
30	34	0	3	1	52	
30	33	0	3	1	53	
31	33	0	3	1	54	
32	33	0	3	1	55	
31	37	0	3	1	56	
32	37	0	3	1	57	
31	34	0	3	1	58	
32	34	0	3	1	59	
31	35	0	3	1	60	
32	35	0	3	1	61	
31	36	0	3	1	62	
32	36	0	3	1	63	
34	43	0	3	2	0	
35	43	0	3	2	1	
34	44	0	3	2	2	
35	44	0	3	2	3	
34	45	0	3	2	4	
35	45	0	3	2	5	
34	46	0	3	2	6	
35	46	0	3	2	7	
34	47	0	3	2	8	
35	47	0	3	2	9	
34	42	0	3	2	10	
35	42	0	3	2	11	
33	47	0	3	2	12	
36	47	0	3	2	13	
33	46	0	3	2	14	
36	46	0	3	2	15	
33	45	0	3	2	16	
36	45	0	3	2	17	
33	44	0	3	2	18	
36	44	0	3	2	19	
34	41	0	3	2	20	
35	41	0	3	2	21	
33	43	0	3	2	22	
36	43	0	3	2	23	
33	42	0	3	2	24	
36	42	0	3	2	25	
33	41	0	3	2	26	
37	42	0	3	2	27	
34	40	0	3	2	28	
36	41	0	3	2	29	
33	40	0	3	2	30	
35	40	0	3	2	31	
36	40	0	3	2	32	
37	41	0	3	2	33	
33	39	0	3	2	34	
37	40	0	3	2	35	
34	39	0	3	2	36	
35	39	0	3	2	37	
36	39	0	3	2	38	
37	39	0	3	2	39	
33	38	0	3	2	40	
36	38	0	3	2	41	
33	37	0	3	2	42	
36	37	0	3	2	43	
34	38	0	3	2	44	
35	38	0	3	2	45	
33	36	0	3	2	46	
36	36	0	3	2	47	
33	35	0	3	2	48	
36	35	0	3	2	49	
33	34	0	3	2	50	
36	34	0	3	2	51	
33	33	0	3	2	52	
36	33	0	3	2	53	
34	37	0	3	2	54	
35	37	0	3	2	55	
34	33	0	3	2	56	
35	33	0	3	2	57	
34	34	0	3	2	58	
35	34	0	3	2	59	
34	35	0	3	2	60	
35	35	0	3	2	61	
34	36	0	3	2	62	
35	36	0	3	2	63	
44	37	0	3	3	0	
44	36	0	3	3	1	
45	37	0	3	3	2	
45	36	0	3	3	3	
46	37	0	3	3	4	
46	36	0	3	3	5	
47	37	0	3	3	6	
47	36	0	3	3	7	
43	37	0	3	3	8	
43	36	0	3	3	9	
47	38	0	3	3	10	
47	35	0	3	3	11	
46	38	0	3	3	12	
46	35	0	3	3	13	
45	38	0	3	3	14	
45	35	0	3	3	15	
44	38	0	3	3	16	
42	36	0	3	3	17	
43	38	0	3	3	18	
44	35	0	3	3	19	
42	37	0	3	3	20	
43	35	0	3	3	21	
41	37	0	3	3	22	
42	35	0	3	3	23	
47	34	0	3	3	24	
41	36	0	3	3	25	
45	34	0	3	3	26	
46	34	0	3	3	27	
43	34	0	3	3	28	
44	34	0	3	3	29	
41	34	0	3	3	30	
42	34	0	3	3	31	
40	37	0	3	3	32	
41	35	0	3	3	33	
40	35	0	3	3	34	
40	36	0	3	3	35	
46	33	0	3	3	36	
47	33	0	3	3	37	
44	33	0	3	3	38	
45	33	0	3	3	39	
42	33	0	3	3	40	
43	33	0	3	3	41	
40	34	0	3	3	42	
41	33	0	3	3	43	
39	37	0	3	3	44	
40	33	0	3	3	45	
39	35	0	3	3	46	
39	36	0	3	3	47	
39	33	0	3	3	48	
39	34	0	3	3	49	
38	34	0	3	3	52	
38	33	0	3	3	53	
38	35	0	3	3	55	
38	37	0	3	3	56	
38	36	0	3	3	57	
37	34	0	3	3	58	
37	33	0	3	3	59	
37	38	0	3	3	60	
37	35	0	3	3	61	
37	37	0	3	3	62	
37	36	0	3	3	63	
21	48	0	3	4	0	
22	48	0	3	4	1	
19	48	0	3	4	2	
20	48	0	3	4	3	
26	47	0	3	4	4	
18	48	0	3	4	5	
25	47	0	3	4	6	
17	48	0	3	4	7	
23	47	0	3	4	8	
24	47	0	3	4	9	
21	47	0	3	4	10	
22	47	0	3	4	11	
19	47	0	3	4	12	
20	47	0	3	4	13	
26	46	0	3	4	14	
18	47	0	3	4	15	
25	46	0	3	4	16	
17	47	0	3	4	17	
23	46	0	3	4	18	
24	46	0	3	4	19	
21	46	0	3	4	20	
22	46	0	3	4	21	
19	46	0	3	4	22	
20	46	0	3	4	23	
26	45	0	3	4	24	
18	46	0	3	4	25	
24	45	0	3	4	26	
25	45	0	3	4	27	
22	45	0	3	4	28	
23	45	0	3	4	29	
20	45	0	3	4	30	
21	45	0	3	4	31	
26	44	0	3	4	32	
19	45	0	3	4	33	
25	44	0	3	4	34	
18	45	0	3	4	35	
23	44	0	3	4	36	
24	44	0	3	4	37	
21	44	0	3	4	38	
22	44	0	3	4	39	
19	44	0	3	4	40	
20	44	0	3	4	41	
26	43	0	3	4	42	
25	43	0	3	4	43	
23	43	0	3	4	44	
24	43	0	3	4	45	
21	43	0	3	4	46	
22	43	0	3	4	47	
19	43	0	3	4	48	
20	43	0	3	4	49	
24	42	0	3	4	50	
25	42	0	3	4	51	
26	42	0	3	4	52	
23	42	0	3	4	53	
21	42	0	3	4	54	
22	42	0	3	4	55	
20	41	0	3	4	56	
20	42	0	3	4	57	
22	41	0	3	4	58	
21	41	0	3	4	59	
24	41	0	3	4	60	
23	41	0	3	4	61	
26	41	0	3	4	62	
25	41	0	3	4	63	
40	48	0	4	0	0	
41	48	0	4	0	1	
39	48	0	4	0	2	
42	48	0	4	0	3	
40	47	0	4	0	4	
41	47	0	4	0	5	
39	47	0	4	0	6	
42	47	0	4	0	7	
37	47	0	4	0	8	
38	47	0	4	0	9	
37	46	0	4	0	10	
42	46	0	4	0	11	
38	46	0	4	0	12	
41	46	0	4	0	13	
40	46	0	4	0	14	
39	46	0	4	0	15	
37	45	0	4	0	18	
38	45	0	4	0	20	
39	45	0	4	0	22	
41	45	0	4	0	23	
40	45	0	4	0	24	
42	45	0	4	0	25	
37	44	0	4	0	27	
38	44	0	4	0	28	
39	44	0	4	0	29	
37	43	0	4	0	30	
42	44	0	4	0	31	
40	44	0	4	0	32	
41	44	0	4	0	33	
38	43	0	4	0	34	
38	42	0	4	0	35	
38	41	0	4	0	36	
38	40	0	4	0	37	
38	39	0	4	0	38	
38	38	0	4	0	39	
40	43	0	4	0	40	
42	43	0	4	0	41	
39	43	0	4	0	42	
41	43	0	4	0	43	
39	42	0	4	0	44	
42	42	0	4	0	45	
39	41	0	4	0	46	
42	41	0	4	0	47	
39	40	0	4	0	48	
42	40	0	4	0	49	
39	39	0	4	0	50	
42	39	0	4	0	51	
39	38	0	4	0	52	
42	38	0	4	0	53	
40	42	0	4	0	54	
41	42	0	4	0	55	
40	38	0	4	0	56	
41	38	0	4	0	57	
40	39	0	4	0	58	
41	39	0	4	0	59	
40	40	0	4	0	60	
41	40	0	4	0	61	
40	41	0	4	0	62	
41	41	0	4	0	63	
43	48	0	4	1	0	
44	48	0	4	1	1	
43	49	0	4	1	2	
44	49	0	4	1	3	
43	50	0	4	1	4	
44	50	0	4	1	5	
43	47	0	4	1	6	
44	47	0	4	1	7	
45	50	0	4	1	8	
45	49	0	4	1	9	
45	48	0	4	1	10	
45	47	0	4	1	11	
46	50	0	4	1	12	
46	49	0	4	1	13	
46	48	0	4	1	14	
45	46	0	4	1	15	
43	46	0	4	1	16	
44	46	0	4	1	17	
46	47	0	4	1	18	
47	50	0	4	1	19	
47	49	0	4	1	20	
47	48	0	4	1	21	
47	47	0	4	1	22	
46	46	0	4	1	23	
47	46	0	4	1	24	
44	45	0	4	1	25	
43	45	0	4	1	26	
45	45	0	4	1	27	
46	45	0	4	1	28	
47	45	0	4	1	29	
47	44	0	4	1	33	
43	44	0	4	1	34	
46	44	0	4	1	35	
45	44	0	4	1	37	
47	43	0	4	1	38	
44	44	0	4	1	39	
46	43	0	4	1	40	
47	42	0	4	1	41	
45	43	0	4	1	42	
46	42	0	4	1	43	
43	43	0	4	1	44	
44	43	0	4	1	45	
47	40	0	4	1	46	
47	41	0	4	1	47	
46	41	0	4	1	48	
47	39	0	4	1	49	
46	39	0	4	1	50	
46	40	0	4	1	51	
45	41	0	4	1	52	
45	42	0	4	1	53	
45	39	0	4	1	54	
45	40	0	4	1	55	
43	42	0	4	1	56	
44	42	0	4	1	57	
43	39	0	4	1	58	
44	39	0	4	1	59	
43	40	0	4	1	60	
44	40	0	4	1	61	
43	41	0	4	1	62	
44	41	0	4	1	63	
51	48	0	4	2	0	
52	48	0	4	2	1	
51	49	0	4	2	2	
52	49	0	4	2	3	
51	50	0	4	2	4	
52	50	0	4	2	5	
51	47	0	4	2	6	
52	47	0	4	2	7	
50	49	0	4	2	8	
50	50	0	4	2	9	
50	47	0	4	2	10	
50	48	0	4	2	11	
49	49	0	4	2	12	
49	50	0	4	2	13	
50	46	0	4	2	14	
49	48	0	4	2	15	
51	46	0	4	2	16	
52	46	0	4	2	17	
48	50	0	4	2	18	
49	47	0	4	2	19	
48	48	0	4	2	20	
48	49	0	4	2	21	
49	46	0	4	2	22	
48	47	0	4	2	23	
51	45	0	4	2	24	
48	46	0	4	2	25	
50	45	0	4	2	26	
52	45	0	4	2	27	
48	45	0	4	2	28	
49	45	0	4	2	29	
48	44	0	4	2	32	
49	44	0	4	2	34	
52	44	0	4	2	35	
50	44	0	4	2	36	
51	44	0	4	2	38	
48	43	0	4	2	39	
48	42	0	4	2	40	
49	43	0	4	2	41	
49	42	0	4	2	42	
50	43	0	4	2	43	
51	43	0	4	2	44	
52	43	0	4	2	45	
48	41	0	4	2	46	
48	40	0	4	2	47	
48	39	0	4	2	48	
49	41	0	4	2	49	
49	40	0	4	2	50	
49	39	0	4	2	51	
50	42	0	4	2	52	
50	41	0	4	2	53	
50	40	0	4	2	54	
50	39	0	4	2	55	
51	42	0	4	2	56	
52	42	0	4	2	57	
51	39	0	4	2	58	
52	39	0	4	2	59	
51	40	0	4	2	60	
52	40	0	4	2	61	
51	41	0	4	2	62	
52	41	0	4	2	63	
54	48	0	4	3	0	
55	48	0	4	3	1	
53	48	0	4	3	2	
56	48	0	4	3	3	
54	47	0	4	3	4	
55	47	0	4	3	5	
53	47	0	4	3	6	
56	47	0	4	3	7	
57	47	0	4	3	8	
58	47	0	4	3	9	
53	46	0	4	3	10	
58	46	0	4	3	11	
54	46	0	4	3	12	
57	46	0	4	3	13	
56	46	0	4	3	14	
55	46	0	4	3	15	
58	45	0	4	3	19	
57	45	0	4	3	21	
54	45	0	4	3	22	
56	45	0	4	3	23	
53	45	0	4	3	24	
55	45	0	4	3	25	
58	44	0	4	3	26	
56	44	0	4	3	28	
57	44	0	4	3	29	
53	44	0	4	3	30	
58	43	0	4	3	31	
54	44	0	4	3	32	
55	44	0	4	3	33	
57	42	0	4	3	34	
57	43	0	4	3	35	
57	40	0	4	3	36	
57	41	0	4	3	37	
57	38	0	4	3	38	
57	39	0	4	3	39	
53	43	0	4	3	40	
55	43	0	4	3	41	
54	43	0	4	3	42	
56	43	0	4	3	43	
53	42	0	4	3	44	
56	42	0	4	3	45	
53	41	0	4	3	46	
56	41	0	4	3	47	
53	40	0	4	3	48	
56	40	0	4	3	49	
53	39	0	4	3	50	
56	39	0	4	3	51	
53	38	0	4	3	52	
56	38	0	4	3	53	
54	42	0	4	3	54	
55	42	0	4	3	55	
54	38	0	4	3	56	
55	38	0	4	3	57	
54	39	0	4	3	58	
55	39	0	4	3	59	
54	40	0	4	3	60	
55	40	0	4	3	61	
54	41	0	4	3	62	
55	41	0	4	3	63	
17	58	0	5	0	0	
18	58	0	5	0	1	
19	57	0	5	0	2	
16	58	0	5	0	3	
21	56	0	5	0	4	
18	57	0	5	0	5	
16	57	0	5	0	6	
17	57	0	5	0	7	
14	57	0	5	0	8	
15	57	0	5	0	9	
20	56	0	5	0	10	
13	57	0	5	0	11	
21	55	0	5	0	12	
19	56	0	5	0	13	
17	56	0	5	0	14	
18	56	0	5	0	15	
15	56	0	5	0	16	
16	56	0	5	0	17	
13	56	0	5	0	18	
14	56	0	5	0	19	
19	55	0	5	0	20	
20	55	0	5	0	21	
21	54	0	5	0	22	
18	55	0	5	0	23	
16	55	0	5	0	24	
17	55	0	5	0	25	
14	55	0	5	0	26	
15	55	0	5	0	27	
20	54	0	5	0	28	
13	55	0	5	0	29	
21	53	0	5	0	30	
19	54	0	5	0	31	
17	54	0	5	0	32	
18	54	0	5	0	33	
15	54	0	5	0	34	
16	54	0	5	0	35	
20	53	0	5	0	36	
14	54	0	5	0	37	
18	53	0	5	0	38	
19	53	0	5	0	39	
21	52	0	5	0	40	
17	53	0	5	0	41	
15	53	0	5	0	42	
16	53	0	5	0	43	
20	52	0	5	0	44	
14	53	0	5	0	45	
18	52	0	5	0	46	
19	52	0	5	0	47	
21	51	0	5	0	48	
17	52	0	5	0	49	
15	52	0	5	0	50	
16	52	0	5	0	51	
20	51	0	5	0	52	
19	51	0	5	0	53	
18	51	0	5	0	54	
17	51	0	5	0	55	
16	51	0	5	0	56	
15	51	0	5	0	57	
21	50	0	5	0	58	
20	50	0	5	0	59	
19	50	0	5	0	60	
18	50	0	5	0	61	
17	50	0	5	0	62	
16	50	0	5	0	63	
24	57	0	5	1	0	
25	57	0	5	1	1	
24	56	0	5	1	2	
25	56	0	5	1	3	
24	58	0	5	1	4	
25	58	0	5	1	5	
23	58	0	5	1	6	
26	58	0	5	1	7	
22	58	0	5	1	8	
26	57	0	5	1	9	
24	55	0	5	1	10	
25	55	0	5	1	11	
21	58	0	5	1	12	
26	56	0	5	1	13	
20	58	0	5	1	14	
26	55	0	5	1	15	
20	57	0	5	1	16	
19	58	0	5	1	17	
21	57	0	5	1	18	
26	54	0	5	1	19	
24	54	0	5	1	20	
25	54	0	5	1	21	
23	57	0	5	1	22	
23	55	0	5	1	23	
23	56	0	5	1	24	
22	57	0	5	1	25	
22	55	0	5	1	26	
22	56	0	5	1	27	
23	54	0	5	1	28	
26	53	0	5	1	29	
24	53	0	5	1	30	
25	53	0	5	1	31	
23	53	0	5	1	32	
22	54	0	5	1	33	
22	52	0	5	1	34	
22	53	0	5	1	35	
23	52	0	5	1	36	
26	52	0	5	1	37	
24	52	0	5	1	38	
25	52	0	5	1	39	
22	51	0	5	1	40	
23	51	0	5	1	41	
22	50	0	5	1	42	
23	50	0	5	1	43	
22	49	0	5	1	44	
21	49	0	5	1	45	
20	49	0	5	1	46	
26	51	0	5	1	47	
24	51	0	5	1	48	
25	51	0	5	1	49	
19	49	0	5	1	50	
18	49	0	5	1	51	
17	49	0	5	1	52	
16	49	0	5	1	53	
23	49	0	5	1	54	
26	50	0	5	1	55	
24	50	0	5	1	56	
25	50	0	5	1	57	
23	48	0	5	1	58	
26	49	0	5	1	59	
24	48	0	5	1	60	
25	48	0	5	1	61	
24	49	0	5	1	62	
25	49	0	5	1	63	
29	56	0	5	2	0	
30	56	0	5	2	1	
29	57	0	5	2	2	
30	57	0	5	2	3	
29	58	0	5	2	4	
30	58	0	5	2	5	
29	55	0	5	2	6	
30	55	0	5	2	7	
28	58	0	5	2	8	
31	58	0	5	2	9	
27	58	0	5	2	10	
31	57	0	5	2	11	
29	54	0	5	2	12	
30	54	0	5	2	13	
28	57	0	5	2	14	
31	56	0	5	2	15	
27	57	0	5	2	16	
31	55	0	5	2	17	
28	56	0	5	2	18	
32	55	0	5	2	19	
27	56	0	5	2	20	
31	54	0	5	2	21	
29	53	0	5	2	22	
30	53	0	5	2	23	
28	55	0	5	2	24	
32	54	0	5	2	25	
27	55	0	5	2	26	
31	53	0	5	2	27	
28	54	0	5	2	28	
32	53	0	5	2	29	
27	54	0	5	2	30	
32	52	0	5	2	31	
29	52	0	5	2	32	
30	52	0	5	2	33	
28	53	0	5	2	34	
31	52	0	5	2	35	
27	53	0	5	2	36	
32	51	0	5	2	37	
28	52	0	5	2	38	
31	51	0	5	2	39	
29	51	0	5	2	40	
30	51	0	5	2	41	
27	52	0	5	2	42	
32	50	0	5	2	43	
28	51	0	5	2	44	
31	50	0	5	2	45	
27	51	0	5	2	46	
32	49	0	5	2	47	
27	50	0	5	2	48	
31	49	0	5	2	49	
29	50	0	5	2	50	
30	50	0	5	2	51	
28	50	0	5	2	52	
27	49	0	5	2	53	
28	49	0	5	2	54	
32	48	0	5	2	55	
26	48	0	5	2	56	
27	48	0	5	2	57	
28	48	0	5	2	58	
31	48	0	5	2	59	
29	48	0	5	2	60	
30	48	0	5	2	61	
29	49	0	5	2	62	
30	49	0	5	2	63	
35	56	0	5	3	0	
36	56	0	5	3	1	
35	55	0	5	3	2	
36	55	0	5	3	3	
35	57	0	5	3	4	
36	57	0	5	3	5	
35	58	0	5	3	6	
36	58	0	5	3	7	
34	58	0	5	3	8	
37	58	0	5	3	9	
35	54	0	5	3	10	
36	54	0	5	3	11	
33	58	0	5	3	12	
37	57	0	5	3	13	
32	58	0	5	3	14	
37	56	0	5	3	15	
33	57	0	5	3	16	
34	57	0	5	3	17	
34	56	0	5	3	18	
32	57	0	5	3	19	
35	53	0	5	3	20	
36	53	0	5	3	21	
33	56	0	5	3	22	
37	55	0	5	3	23	
32	56	0	5	3	24	
37	54	0	5	3	25	
34	55	0	5	3	26	
37	53	0	5	3	27	
33	55	0	5	3	28	
38	53	0	5	3	29	
35	52	0	5	3	30	
36	52	0	5	3	31	
34	54	0	5	3	32	
37	52	0	5	3	33	
33	54	0	5	3	34	
38	52	0	5	3	35	
34	53	0	5	3	36	
38	51	0	5	3	37	
33	53	0	5	3	38	
37	51	0	5	3	39	
35	51	0	5	3	40	
36	51	0	5	3	41	
33	52	0	5	3	42	
34	52	0	5	3	43	
33	51	0	5	3	44	
34	51	0	5	3	45	
33	50	0	5	3	46	
38	50	0	5	3	47	
34	50	0	5	3	48	
37	50	0	5	3	49	
35	50	0	5	3	50	
36	50	0	5	3	51	
33	49	0	5	3	52	
38	49	0	5	3	53	
34	49	0	5	3	54	
37	49	0	5	3	55	
33	48	0	5	3	56	
38	48	0	5	3	57	
35	49	0	5	3	58	
36	49	0	5	3	59	
34	48	0	5	3	60	
37	48	0	5	3	61	
35	48	0	5	3	62	
36	48	0	5	3	63	
40	59	0	6	0	0	
41	59	0	6	0	1	
39	59	0	6	0	2	
42	59	0	6	0	3	
40	58	0	6	0	4	
38	59	0	6	0	5	
39	58	0	6	0	6	
41	58	0	6	0	7	
38	58	0	6	0	8	
42	58	0	6	0	9	
40	57	0	6	0	10	
41	57	0	6	0	11	
39	57	0	6	0	12	
42	57	0	6	0	13	
38	57	0	6	0	14	
40	56	0	6	0	20	
41	56	0	6	0	21	
39	56	0	6	0	22	
42	56	0	6	0	23	
38	56	0	6	0	24	
40	55	0	6	0	28	
41	55	0	6	0	29	
39	55	0	6	0	30	
38	55	0	6	0	32	
42	55	0	6	0	33	
38	54	0	6	0	36	
39	54	0	6	0	38	
42	54	0	6	0	39	
40	54	0	6	0	40	
41	54	0	6	0	41	
39	53	0	6	0	44	
42	53	0	6	0	45	
40	53	0	6	0	46	
41	53	0	6	0	47	
39	49	0	6	0	48	
42	49	0	6	0	49	
39	50	0	6	0	50	
42	50	0	6	0	51	
39	51	0	6	0	52	
42	51	0	6	0	53	
39	52	0	6	0	54	
42	52	0	6	0	55	
40	52	0	6	0	56	
41	52	0	6	0	57	
40	49	0	6	0	58	
41	49	0	6	0	59	
40	50	0	6	0	60	
41	50	0	6	0	61	
40	51	0	6	0	62	
41	51	0	6	0	63	
43	59	0	6	1	0	
44	59	0	6	1	1	
43	58	0	6	1	2	
44	58	0	6	1	3	
43	60	0	6	1	4	
44	60	0	6	1	5	
43	61	0	6	1	6	
44	61	0	6	1	7	
43	62	0	6	1	8	
44	62	0	6	1	9	
45	63	0	6	1	10	
46	63	0	6	1	11	
43	57	0	6	1	12	
44	57	0	6	1	13	
47	64	0	6	1	14	
47	63	0	6	1	15	
45	62	0	6	1	16	
46	62	0	6	1	17	
47	62	0	6	1	18	
45	59	0	6	1	19	
43	56	0	6	1	20	
44	56	0	6	1	21	
45	60	0	6	1	22	
45	61	0	6	1	23	
45	57	0	6	1	24	
45	58	0	6	1	25	
45	56	0	6	1	26	
46	61	0	6	1	27	
47	61	0	6	1	28	
46	60	0	6	1	29	
43	55	0	6	1	30	
44	55	0	6	1	31	
47	60	0	6	1	32	
46	59	0	6	1	33	
47	59	0	6	1	34	
46	58	0	6	1	35	
47	58	0	6	1	36	
46	57	0	6	1	37	
47	57	0	6	1	38	
46	56	0	6	1	39	
43	54	0	6	1	40	
44	54	0	6	1	41	
47	56	0	6	1	42	
45	55	0	6	1	43	
46	55	0	6	1	44	
47	55	0	6	1	45	
45	54	0	6	1	46	
46	54	0	6	1	47	
47	54	0	6	1	48	
45	53	0	6	1	49	
43	53	0	6	1	50	
44	53	0	6	1	51	
46	53	0	6	1	52	
47	53	0	6	1	53	
47	52	0	6	1	54	
46	52	0	6	1	55	
45	52	0	6	1	56	
47	51	0	6	1	57	
43	52	0	6	1	58	
44	52	0	6	1	59	
45	51	0	6	1	60	
46	51	0	6	1	61	
43	51	0	6	1	62	
44	51	0	6	1	63	
51	59	0	6	2	0	
52	59	0	6	2	1	
51	58	0	6	2	2	
52	58	0	6	2	3	
51	60	0	6	2	4	
52	60	0	6	2	5	
51	61	0	6	2	6	
52	61	0	6	2	7	
51	62	0	6	2	8	
52	62	0	6	2	9	
49	63	0	6	2	10	
50	63	0	6	2	11	
51	57	0	6	2	12	
52	57	0	6	2	13	
48	63	0	6	2	14	
48	64	0	6	2	15	
49	62	0	6	2	16	
50	62	0	6	2	17	
50	59	0	6	2	18	
48	62	0	6	2	19	
51	56	0	6	2	20	
52	56	0	6	2	21	
50	61	0	6	2	22	
50	60	0	6	2	23	
50	58	0	6	2	24	
50	57	0	6	2	25	
49	61	0	6	2	26	
50	56	0	6	2	27	
49	60	0	6	2	28	
48	61	0	6	2	29	
51	55	0	6	2	30	
52	55	0	6	2	31	
49	59	0	6	2	32	
48	60	0	6	2	33	
49	58	0	6	2	34	
48	59	0	6	2	35	
49	57	0	6	2	36	
48	58	0	6	2	37	
49	56	0	6	2	38	
48	57	0	6	2	39	
51	54	0	6	2	40	
52	54	0	6	2	41	
50	55	0	6	2	42	
48	56	0	6	2	43	
48	55	0	6	2	44	
49	55	0	6	2	45	
49	54	0	6	2	46	
50	54	0	6	2	47	
50	53	0	6	2	48	
48	54	0	6	2	49	
51	53	0	6	2	50	
52	53	0	6	2	51	
48	53	0	6	2	52	
49	53	0	6	2	53	
49	52	0	6	2	54	
48	52	0	6	2	55	
48	51	0	6	2	56	
50	52	0	6	2	57	
51	52	0	6	2	58	
52	52	0	6	2	59	
49	51	0	6	2	60	
50	51	0	6	2	61	
51	51	0	6	2	62	
52	51	0	6	2	63	
54	59	0	6	3	0	
55	59	0	6	3	1	
53	59	0	6	3	2	
56	59	0	6	3	3	
57	59	0	6	3	4	
55	58	0	6	3	5	
54	58	0	6	3	6	
56	58	0	6	3	7	
53	58	0	6	3	8	
57	58	0	6	3	9	
54	57	0	6	3	10	
55	57	0	6	3	11	
53	57	0	6	3	12	
56	57	0	6	3	13	
57	57	0	6	3	15	
54	56	0	6	3	20	
55	56	0	6	3	21	
53	56	0	6	3	22	
56	56	0	6	3	23	
57	56	0	6	3	25	
54	55	0	6	3	28	
55	55	0	6	3	29	
56	55	0	6	3	31	
53	55	0	6	3	32	
57	55	0	6	3	33	
57	54	0	6	3	37	
53	54	0	6	3	38	
56	54	0	6	3	39	
54	54	0	6	3	40	
55	54	0	6	3	41	
53	53	0	6	3	44	
56	53	0	6	3	45	
54	53	0	6	3	46	
55	53	0	6	3	47	
53	49	0	6	3	48	
56	49	0	6	3	49	
53	50	0	6	3	50	
56	50	0	6	3	51	
53	51	0	6	3	52	
56	51	0	6	3	53	
53	52	0	6	3	54	
56	52	0	6	3	55	
54	52	0	6	3	56	
55	52	0	6	3	57	
54	49	0	6	3	58	
55	49	0	6	3	59	
54	50	0	6	3	60	
55	50	0	6	3	61	
54	51	0	6	3	62	
55	51	0	6	3	63	
16	68	0	7	0	0	
17	68	0	7	0	1	
9	67	0	7	0	2	
8	67	0	7	0	3	
11	67	0	7	0	4	
10	67	0	7	0	5	
16	67	0	7	0	6	
17	67	0	7	0	7	
13	67	0	7	0	8	
15	67	0	7	0	9	
12	67	0	7	0	10	
14	67	0	7	0	11	
16	66	0	7	0	12	
17	66	0	7	0	13	
10	66	0	7	0	14	
9	66	0	7	0	15	
12	66	0	7	0	16	
11	66	0	7	0	17	
14	66	0	7	0	18	
15	66	0	7	0	19	
9	65	0	7	0	20	
13	66	0	7	0	21	
16	65	0	7	0	22	
17	65	0	7	0	23	
11	65	0	7	0	24	
10	65	0	7	0	25	
14	65	0	7	0	26	
15	65	0	7	0	27	
12	65	0	7	0	28	
13	65	0	7	0	29	
16	64	0	7	0	30	
17	64	0	7	0	31	
11	64	0	7	0	32	
10	64	0	7	0	33	
14	64	0	7	0	34	
15	64	0	7	0	35	
12	64	0	7	0	36	
13	64	0	7	0	37	
16	63	0	7	0	38	
17	63	0	7	0	39	
11	63	0	7	0	40	
10	63	0	7	0	41	
13	63	0	7	0	42	
12	63	0	7	0	43	
14	63	0	7	0	44	
15	63	0	7	0	45	
11	62	0	7	0	46	
10	62	0	7	0	47	
16	62	0	7	0	48	
17	62	0	7	0	49	
14	62	0	7	0	50	
15	62	0	7	0	51	
12	62	0	7	0	52	
13	62	0	7	0	53	
12	61	0	7	0	54	
11	61	0	7	0	55	
16	61	0	7	0	56	
17	61	0	7	0	57	
14	61	0	7	0	58	
15	61	0	7	0	59	
11	60	0	7	0	60	
13	61	0	7	0	61	
13	60	0	7	0	62	
12	60	0	7	0	63	
20	68	0	7	1	0	
21	68	0	7	1	1	
20	67	0	7	1	2	
21	67	0	7	1	3	
19	68	0	7	1	4	
22	68	0	7	1	5	
18	68	0	7	1	6	
22	67	0	7	1	7	
19	67	0	7	1	8	
22	66	0	7	1	9	
20	66	0	7	1	10	
21	66	0	7	1	11	
18	67	0	7	1	12	
19	66	0	7	1	13	
18	66	0	7	1	14	
18	65	0	7	1	15	
19	65	0	7	1	16	
18	64	0	7	1	17	
20	65	0	7	1	18	
21	65	0	7	1	19	
19	64	0	7	1	20	
22	65	0	7	1	21	
18	63	0	7	1	22	
19	63	0	7	1	23	
14	60	0	7	1	24	
15	60	0	7	1	25	
16	60	0	7	1	26	
22	64	0	7	1	27	
20	64	0	7	1	28	
21	64	0	7	1	29	
17	60	0	7	1	30	
18	60	0	7	1	31	
12	59	0	7	1	32	
13	59	0	7	1	33	
18	62	0	7	1	34	
19	62	0	7	1	35	
20	63	0	7	1	36	
21	63	0	7	1	37	
18	61	0	7	1	38	
22	63	0	7	1	39	
19	61	0	7	1	40	
14	59	0	7	1	41	
15	59	0	7	1	42	
16	59	0	7	1	43	
20	62	0	7	1	44	
21	62	0	7	1	45	
17	59	0	7	1	46	
22	62	0	7	1	47	
18	59	0	7	1	48	
19	60	0	7	1	49	
12	58	0	7	1	50	
13	58	0	7	1	51	
14	58	0	7	1	52	
22	61	0	7	1	53	
20	61	0	7	1	54	
21	61	0	7	1	55	
15	58	0	7	1	56	
22	59	0	7	1	57	
19	59	0	7	1	58	
21	59	0	7	1	59	
20	59	0	7	1	60	
22	60	0	7	1	61	
20	60	0	7	1	62	
21	60	0	7	1	63	
25	68	0	7	2	0	
26	68	0	7	2	1	
25	69	0	7	2	2	
26	69	0	7	2	3	
25	70	0	7	2	4	
26	70	0	7	2	5	
24	70	0	7	2	6	
27	70	0	7	2	7	
25	67	0	7	2	8	
26	67	0	7	2	9	
23	70	0	7	2	10	
27	69	0	7	2	11	
24	69	0	7	2	12	
27	68	0	7	2	13	
23	69	0	7	2	14	
27	67	0	7	2	15	
25	66	0	7	2	16	
26	66	0	7	2	17	
23	68	0	7	2	18	
27	66	0	7	2	19	
24	67	0	7	2	20	
24	68	0	7	2	21	
24	66	0	7	2	22	
23	67	0	7	2	23	
25	65	0	7	2	24	
26	65	0	7	2	25	
23	66	0	7	2	26	
27	65	0	7	2	27	
24	65	0	7	2	28	
23	65	0	7	2	29	
23	64	0	7	2	30	
24	64	0	7	2	31	
23	63	0	7	2	32	
24	63	0	7	2	33	
25	64	0	7	2	34	
26	64	0	7	2	35	
23	62	0	7	2	36	
27	64	0	7	2	37	
23	61	0	7	2	38	
23	60	0	7	2	39	
24	61	0	7	2	40	
28	60	0	7	2	41	
25	63	0	7	2	42	
26	63	0	7	2	43	
23	59	0	7	2	44	
27	63	0	7	2	45	
24	60	0	7	2	46	
28	59	0	7	2	47	
24	59	0	7	2	48	
27	60	0	7	2	49	
27	62	0	7	2	51	
25	62	0	7	2	52	
26	62	0	7	2	53	
27	59	0	7	2	55	
24	62	0	7	2	56	
26	59	0	7	2	57	
25	59	0	7	2	58	
27	61	0	7	2	59	
25	61	0	7	2	60	
26	61	0	7	2	61	
25	60	0	7	2	62	
26	60	0	7	2	63	
30	68	0	7	3	0	
31	68	0	7	3	1	
30	69	0	7	3	2	
31	69	0	7	3	3	
30	67	0	7	3	4	
31	67	0	7	3	5	
30	70	0	7	3	6	
31	70	0	7	3	7	
30	71	0	7	3	8	
31	71	0	7	3	9	
32	71	0	7	3	10	
32	70	0	7	3	11	
32	69	0	7	3	12	
32	68	0	7	3	13	
30	66	0	7	3	14	
31	66	0	7	3	15	
32	67	0	7	3	16	
32	66	0	7	3	17	
28	71	0	7	3	18	
29	71	0	7	3	19	
28	70	0	7	3	20	
29	70	0	7	3	21	
30	65	0	7	3	22	
31	65	0	7	3	23	
29	69	0	7	3	24	
32	65	0	7	3	25	
29	68	0	7	3	26	
28	69	0	7	3	27	
29	67	0	7	3	28	
28	68	0	7	3	29	
30	64	0	7	3	30	
31	64	0	7	3	31	
28	67	0	7	3	32	
32	64	0	7	3	33	
28	66	0	7	3	34	
29	66	0	7	3	35	
28	65	0	7	3	36	
29	65	0	7	3	37	
28	64	0	7	3	38	
29	64	0	7	3	39	
30	63	0	7	3	40	
31	63	0	7	3	41	
29	63	0	7	3	42	
32	63	0	7	3	43	
28	63	0	7	3	44	
28	62	0	7	3	45	
29	62	0	7	3	46	
32	62	0	7	3	47	
30	62	0	7	3	48	
31	62	0	7	3	49	
28	61	0	7	3	50	
32	61	0	7	3	51	
29	61	0	7	3	52	
33	59	0	7	3	53	
29	60	0	7	3	54	
32	60	0	7	3	55	
29	59	0	7	3	56	
32	59	0	7	3	57	
30	61	0	7	3	58	
31	61	0	7	3	59	
30	59	0	7	3	60	
31	59	0	7	3	61	
30	60	0	7	3	62	
31	60	0	7	3	63	
35	68	0	7	4	0	
36	68	0	7	4	1	
35	69	0	7	4	2	
36	69	0	7	4	3	
35	67	0	7	4	4	
36	67	0	7	4	5	
35	70	0	7	4	6	
36	70	0	7	4	7	
35	71	0	7	4	8	
36	71	0	7	4	9	
34	71	0	7	4	10	
37	71	0	7	4	11	
35	66	0	7	4	12	
36	66	0	7	4	13	
33	71	0	7	4	14	
37	70	0	7	4	15	
34	70	0	7	4	16	
37	69	0	7	4	17	
33	70	0	7	4	18	
37	68	0	7	4	19	
35	65	0	7	4	20	
36	65	0	7	4	21	
34	69	0	7	4	22	
37	67	0	7	4	23	
33	69	0	7	4	24	
37	66	0	7	4	25	
34	68	0	7	4	26	
37	65	0	7	4	27	
33	68	0	7	4	28	
37	64	0	7	4	29	
35	64	0	7	4	30	
36	64	0	7	4	31	
33	67	0	7	4	32	
34	67	0	7	4	33	
33	66	0	7	4	34	
34	66	0	7	4	35	
33	65	0	7	4	36	
34	65	0	7	4	37	
35	63	0	7	4	38	
36	63	0	7	4	39	
34	64	0	7	4	40	
37	63	0	7	4	41	
34	63	0	7	4	42	
33	64	0	7	4	43	
33	62	0	7	4	44	
33	63	0	7	4	45	
33	61	0	7	4	46	
34	62	0	7	4	47	
35	62	0	7	4	48	
36	62	0	7	4	49	
34	61	0	7	4	50	
37	62	0	7	4	51	
33	60	0	7	4	52	
37	61	0	7	4	53	
34	60	0	7	4	54	
37	60	0	7	4	55	
35	61	0	7	4	56	
36	61	0	7	4	57	
34	59	0	7	4	58	
37	59	0	7	4	59	
35	59	0	7	4	60	
36	59	0	7	4	61	
35	60	0	7	4	62	
36	60	0	7	4	63	
40	70	1	0	0	0	
41	70	1	0	0	1	
40	71	1	0	0	2	
41	71	1	0	0	3	
40	72	1	0	0	4	
41	72	1	0	0	5	
40	69	1	0	0	6	
41	69	1	0	0	7	
39	72	1	0	0	8	
42	72	1	0	0	9	
39	71	1	0	0	10	
42	71	1	0	0	11	
39	70	1	0	0	12	
42	70	1	0	0	13	
38	71	1	0	0	14	
42	69	1	0	0	15	
40	68	1	0	0	16	
41	68	1	0	0	17	
38	70	1	0	0	18	
42	68	1	0	0	19	
39	69	1	0	0	20	
42	67	1	0	0	21	
39	68	1	0	0	22	
38	69	1	0	0	23	
40	67	1	0	0	24	
41	67	1	0	0	25	
39	67	1	0	0	26	
38	68	1	0	0	27	
38	67	1	0	0	28	
38	66	1	0	0	29	
39	66	1	0	0	30	
42	66	1	0	0	31	
40	66	1	0	0	32	
41	66	1	0	0	33	
38	65	1	0	0	34	
38	64	1	0	0	35	
38	63	1	0	0	36	
39	64	1	0	0	37	
39	65	1	0	0	38	
42	65	1	0	0	39	
40	65	1	0	0	40	
41	65	1	0	0	41	
38	62	1	0	0	42	
39	63	1	0	0	43	
39	62	1	0	0	44	
42	64	1	0	0	45	
38	61	1	0	0	46	
42	63	1	0	0	47	
38	60	1	0	0	48	
42	62	1	0	0	49	
40	64	1	0	0	50	
41	64	1	0	0	51	
39	61	1	0	0	52	
42	61	1	0	0	53	
39	60	1	0	0	54	
42	60	1	0	0	55	
40	60	1	0	0	56	
41	60	1	0	0	57	
40	63	1	0	0	58	
41	63	1	0	0	59	
40	61	1	0	0	60	
41	61	1	0	0	61	
40	62	1	0	0	62	
41	62	1	0	0	63	
43	70	1	0	1	0	
44	70	1	0	1	1	
43	71	1	0	1	2	
44	74	1	0	1	3	
43	69	1	0	1	4	
44	69	1	0	1	5	
43	72	1	0	1	6	
45	75	1	0	1	7	
43	73	1	0	1	8	
45	76	1	0	1	9	
43	74	1	0	1	10	
46	77	1	0	1	11	
46	76	1	0	1	12	
47	77	1	0	1	13	
43	68	1	0	1	14	
44	68	1	0	1	15	
44	73	1	0	1	16	
44	72	1	0	1	17	
44	71	1	0	1	18	
47	76	1	0	1	19	
46	75	1	0	1	20	
47	75	1	0	1	21	
43	67	1	0	1	22	
44	67	1	0	1	23	
45	74	1	0	1	24	
46	74	1	0	1	25	
47	74	1	0	1	26	
45	69	1	0	1	27	
45	68	1	0	1	28	
45	70	1	0	1	29	
45	71	1	0	1	30	
45	72	1	0	1	31	
43	66	1	0	1	32	
44	66	1	0	1	33	
45	73	1	0	1	34	
46	73	1	0	1	35	
47	73	1	0	1	36	
45	67	1	0	1	37	
46	72	1	0	1	38	
47	72	1	0	1	39	
43	65	1	0	1	40	
44	65	1	0	1	41	
46	71	1	0	1	42	
47	71	1	0	1	43	
46	70	1	0	1	44	
46	68	1	0	1	45	
45	66	1	0	1	46	
46	67	1	0	1	47	
46	69	1	0	1	48	
47	70	1	0	1	49	
43	64	1	0	1	50	
44	64	1	0	1	51	
47	69	1	0	1	52	
47	68	1	0	1	53	
45	65	1	0	1	54	
46	66	1	0	1	55	
47	67	1	0	1	56	
47	66	1	0	1	57	
43	63	1	0	1	58	
44	63	1	0	1	59	
46	65	1	0	1	60	
47	65	1	0	1	61	
45	64	1	0	1	62	
46	64	1	0	1	63	
51	70	1	0	2	0	
52	70	1	0	2	1	
51	74	1	0	2	2	
52	71	1	0	2	3	
51	69	1	0	2	4	
52	69	1	0	2	5	
50	75	1	0	2	6	
52	72	1	0	2	7	
50	76	1	0	2	8	
52	73	1	0	2	9	
49	77	1	0	2	10	
52	74	1	0	2	11	
48	77	1	0	2	12	
49	76	1	0	2	13	
51	68	1	0	2	14	
52	68	1	0	2	15	
51	72	1	0	2	16	
51	73	1	0	2	17	
48	76	1	0	2	18	
51	71	1	0	2	19	
48	75	1	0	2	20	
49	75	1	0	2	21	
51	67	1	0	2	22	
52	67	1	0	2	23	
49	74	1	0	2	24	
50	74	1	0	2	25	
50	69	1	0	2	26	
48	74	1	0	2	27	
50	70	1	0	2	28	
50	68	1	0	2	29	
50	72	1	0	2	30	
50	71	1	0	2	31	
51	66	1	0	2	32	
52	66	1	0	2	33	
49	73	1	0	2	34	
50	73	1	0	2	35	
50	67	1	0	2	36	
48	73	1	0	2	37	
48	72	1	0	2	38	
49	72	1	0	2	39	
51	65	1	0	2	40	
52	65	1	0	2	41	
48	71	1	0	2	42	
49	71	1	0	2	43	
49	68	1	0	2	44	
49	70	1	0	2	45	
49	67	1	0	2	46	
50	66	1	0	2	47	
48	70	1	0	2	48	
49	69	1	0	2	49	
51	64	1	0	2	50	
52	64	1	0	2	51	
48	68	1	0	2	52	
48	69	1	0	2	53	
49	66	1	0	2	54	
50	65	1	0	2	55	
48	66	1	0	2	56	
48	67	1	0	2	57	
51	63	1	0	2	58	
52	63	1	0	2	59	
48	65	1	0	2	60	
49	65	1	0	2	61	
49	64	1	0	2	62	
50	64	1	0	2	63	
54	70	1	0	3	0	
55	70	1	0	3	1	
54	71	1	0	3	2	
55	71	1	0	3	3	
54	72	1	0	3	4	
55	72	1	0	3	5	
54	69	1	0	3	6	
55	69	1	0	3	7	
53	72	1	0	3	8	
56	72	1	0	3	9	
53	71	1	0	3	10	
56	71	1	0	3	11	
53	70	1	0	3	12	
56	70	1	0	3	13	
53	69	1	0	3	14	
57	71	1	0	3	15	
54	68	1	0	3	16	
55	68	1	0	3	17	
53	68	1	0	3	18	
57	70	1	0	3	19	
53	67	1	0	3	20	
56	69	1	0	3	21	
57	69	1	0	3	22	
56	68	1	0	3	23	
54	67	1	0	3	24	
55	67	1	0	3	25	
57	68	1	0	3	26	
56	67	1	0	3	27	
57	66	1	0	3	28	
57	67	1	0	3	29	
53	66	1	0	3	30	
56	66	1	0	3	31	
54	66	1	0	3	32	
55	66	1	0	3	33	
57	64	1	0	3	34	
57	65	1	0	3	35	
56	64	1	0	3	36	
57	63	1	0	3	37	
53	65	1	0	3	38	
56	65	1	0	3	39	
54	65	1	0	3	40	
55	65	1	0	3	41	
56	63	1	0	3	42	
57	62	1	0	3	43	
53	64	1	0	3	44	
56	62	1	0	3	45	
53	63	1	0	3	46	
57	61	1	0	3	47	
53	62	1	0	3	48	
57	60	1	0	3	49	
54	64	1	0	3	50	
55	64	1	0	3	51	
53	61	1	0	3	52	
56	61	1	0	3	53	
53	60	1	0	3	54	
56	60	1	0	3	55	
54	60	1	0	3	56	
55	60	1	0	3	57	
54	63	1	0	3	58	
55	63	1	0	3	59	
54	61	1	0	3	60	
55	61	1	0	3	61	
54	62	1	0	3	62	
55	62	1	0	3	63	
6	78	1	1	0	0	
6	79	1	1	0	1	
5	79	1	1	0	2	
6	77	1	1	0	3	
13	76	1	1	0	4	
5	78	1	1	0	5	
4	78	1	1	0	6	
5	77	1	1	0	7	
11	76	1	1	0	8	
12	76	1	1	0	9	
13	75	1	1	0	10	
10	76	1	1	0	11	
8	76	1	1	0	12	
9	76	1	1	0	13	
7	76	1	1	0	14	
12	75	1	1	0	15	
5	76	1	1	0	16	
6	76	1	1	0	17	
6	75	1	1	0	18	
5	75	1	1	0	19	
11	75	1	1	0	20	
7	75	1	1	0	21	
12	74	1	1	0	22	
13	74	1	1	0	23	
10	75	1	1	0	24	
11	74	1	1	0	25	
8	75	1	1	0	26	
9	75	1	1	0	27	
12	73	1	1	0	28	
13	73	1	1	0	29	
7	74	1	1	0	30	
6	74	1	1	0	31	
9	74	1	1	0	32	
8	74	1	1	0	33	
11	73	1	1	0	34	
10	74	1	1	0	35	
9	73	1	1	0	36	
10	73	1	1	0	37	
12	72	1	1	0	38	
13	72	1	1	0	39	
10	72	1	1	0	40	
11	72	1	1	0	41	
8	73	1	1	0	42	
9	72	1	1	0	43	
7	73	1	1	0	44	
8	72	1	1	0	45	
7	72	1	1	0	46	
13	71	1	1	0	47	
6	73	1	1	0	48	
12	71	1	1	0	49	
11	71	1	1	0	50	
6	72	1	1	0	51	
9	71	1	1	0	52	
10	71	1	1	0	53	
13	70	1	1	0	54	
8	71	1	1	0	55	
12	70	1	1	0	56	
7	71	1	1	0	57	
10	70	1	1	0	58	
11	70	1	1	0	59	
8	70	1	1	0	60	
9	70	1	1	0	61	
13	69	1	1	0	62	
7	70	1	1	0	63	
15	78	1	1	1	0	
16	78	1	1	1	1	
9	80	1	1	1	2	
12	79	1	1	1	3	
8	80	1	1	1	4	
9	79	1	1	1	5	
8	79	1	1	1	6	
15	77	1	1	1	7	
14	78	1	1	1	8	
10	78	1	1	1	9	
15	76	1	1	1	10	
12	78	1	1	1	11	
11	78	1	1	1	12	
13	78	1	1	1	13	
7	79	1	1	1	14	
7	80	1	1	1	15	
8	78	1	1	1	16	
7	78	1	1	1	17	
14	76	1	1	1	18	
14	77	1	1	1	19	
14	75	1	1	1	20	
15	75	1	1	1	21	
7	77	1	1	1	22	
9	78	1	1	1	23	
8	77	1	1	1	24	
13	77	1	1	1	25	
11	77	1	1	1	26	
12	77	1	1	1	27	
10	77	1	1	1	28	
9	77	1	1	1	29	
14	74	1	1	1	30	
15	74	1	1	1	31	
14	73	1	1	1	32	
16	74	1	1	1	33	
15	73	1	1	1	34	
16	73	1	1	1	35	
14	72	1	1	1	36	
14	71	1	1	1	37	
14	70	1	1	1	38	
14	69	1	1	1	39	
16	76	1	1	1	40	
16	75	1	1	1	41	
15	72	1	1	1	42	
16	72	1	1	1	43	
12	69	1	1	1	44	
16	77	1	1	1	45	
11	69	1	1	1	46	
10	69	1	1	1	47	
9	69	1	1	1	48	
8	69	1	1	1	49	
15	71	1	1	1	50	
16	71	1	1	1	51	
8	68	1	1	1	52	
9	68	1	1	1	53	
10	68	1	1	1	54	
14	68	1	1	1	55	
13	68	1	1	1	56	
12	68	1	1	1	57	
11	68	1	1	1	58	
15	68	1	1	1	59	
15	70	1	1	1	60	
16	70	1	1	1	61	
15	69	1	1	1	62	
16	69	1	1	1	63	
18	79	1	1	2	0	
19	79	1	1	2	1	
18	78	1	1	2	2	
19	78	1	1	2	3	
18	80	1	1	2	4	
17	82	1	1	2	5	
17	83	1	1	2	6	
18	84	1	1	2	7	
17	81	1	1	2	8	
18	83	1	1	2	9	
18	77	1	1	2	10	
19	77	1	1	2	11	
16	83	1	1	2	12	
18	82	1	1	2	13	
16	81	1	1	2	14	
16	82	1	1	2	15	
17	80	1	1	2	16	
17	79	1	1	2	17	
18	76	1	1	2	18	
19	76	1	1	2	19	
15	82	1	1	2	20	
15	83	1	1	2	21	
15	81	1	1	2	22	
16	80	1	1	2	23	
13	82	1	1	2	24	
14	82	1	1	2	25	
18	75	1	1	2	26	
19	75	1	1	2	27	
17	77	1	1	2	28	
17	78	1	1	2	29	
17	76	1	1	2	30	
14	81	1	1	2	31	
17	75	1	1	2	32	
13	81	1	1	2	33	
18	74	1	1	2	34	
19	74	1	1	2	35	
17	74	1	1	2	36	
16	79	1	1	2	37	
15	80	1	1	2	38	
12	81	1	1	2	39	
14	80	1	1	2	40	
12	80	1	1	2	41	
18	73	1	1	2	42	
19	73	1	1	2	43	
13	80	1	1	2	44	
17	73	1	1	2	45	
11	80	1	1	2	46	
11	81	1	1	2	47	
10	80	1	1	2	48	
10	81	1	1	2	49	
18	72	1	1	2	50	
19	72	1	1	2	51	
11	79	1	1	2	52	
10	79	1	1	2	53	
13	79	1	1	2	54	
14	79	1	1	2	55	
17	72	1	1	2	56	
15	79	1	1	2	57	
18	71	1	1	2	58	
19	71	1	1	2	59	
17	71	1	1	2	60	
17	70	1	1	2	61	
18	70	1	1	2	62	
19	70	1	1	2	63	
21	78	1	1	3	0	
22	78	1	1	3	1	
21	82	1	1	3	2	
21	81	1	1	3	3	
21	84	1	1	3	4	
21	83	1	1	3	5	
20	80	1	1	3	6	
21	85	1	1	3	7	
21	77	1	1	3	8	
22	77	1	1	3	9	
20	79	1	1	3	10	
21	79	1	1	3	11	
20	81	1	1	3	12	
21	80	1	1	3	13	
20	82	1	1	3	14	
22	85	1	1	3	15	
21	76	1	1	3	16	
22	76	1	1	3	17	
20	83	1	1	3	18	
22	84	1	1	3	19	
20	84	1	1	3	20	
22	83	1	1	3	21	
20	78	1	1	3	22	
22	79	1	1	3	23	
21	75	1	1	3	24	
22	75	1	1	3	25	
20	85	1	1	3	26	
22	82	1	1	3	27	
20	76	1	1	3	28	
22	81	1	1	3	29	
20	75	1	1	3	30	
22	80	1	1	3	31	
21	74	1	1	3	32	
22	74	1	1	3	33	
19	84	1	1	3	34	
20	77	1	1	3	35	
19	82	1	1	3	36	
19	83	1	1	3	37	
19	80	1	1	3	38	
19	81	1	1	3	39	
21	73	1	1	3	40	
22	73	1	1	3	41	
18	81	1	1	3	42	
20	74	1	1	3	46	
21	72	1	1	3	48	
22	72	1	1	3	49	
20	73	1	1	3	50	
20	72	1	1	3	51	
20	71	1	1	3	52	
17	69	1	1	3	53	
18	69	1	1	3	54	
20	70	1	1	3	55	
21	71	1	1	3	56	
22	71	1	1	3	57	
19	69	1	1	3	58	
20	69	1	1	3	59	
21	69	1	1	3	60	
22	69	1	1	3	61	
21	70	1	1	3	62	
22	70	1	1	3	63	
24	81	1	1	4	0	
25	81	1	1	4	1	
24	82	1	1	4	2	
25	82	1	1	4	3	
24	83	1	1	4	4	
25	83	1	1	4	5	
24	80	1	1	4	6	
25	80	1	1	4	7	
24	84	1	1	4	8	
25	84	1	1	4	9	
24	85	1	1	4	10	
25	85	1	1	4	11	
24	86	1	1	4	12	
25	86	1	1	4	13	
24	79	1	1	4	14	
25	79	1	1	4	15	
23	86	1	1	4	16	
26	86	1	1	4	17	
23	85	1	1	4	18	
26	85	1	1	4	19	
23	84	1	1	4	20	
26	84	1	1	4	21	
24	78	1	1	4	22	
25	78	1	1	4	23	
23	83	1	1	4	24	
26	83	1	1	4	25	
23	82	1	1	4	26	
26	82	1	1	4	27	
23	81	1	1	4	28	
26	81	1	1	4	29	
24	77	1	1	4	30	
25	77	1	1	4	31	
23	80	1	1	4	32	
26	80	1	1	4	33	
23	79	1	1	4	34	
26	79	1	1	4	35	
23	78	1	1	4	36	
26	78	1	1	4	37	
24	76	1	1	4	38	
25	76	1	1	4	39	
23	77	1	1	4	40	
26	77	1	1	4	41	
23	76	1	1	4	42	
26	76	1	1	4	43	
23	75	1	1	4	44	
26	75	1	1	4	45	
24	75	1	1	4	46	
25	75	1	1	4	47	
23	74	1	1	4	48	
26	74	1	1	4	49	
23	73	1	1	4	50	
26	73	1	1	4	51	
23	72	1	1	4	52	
26	72	1	1	4	53	
24	74	1	1	4	54	
25	74	1	1	4	55	
23	71	1	1	4	56	
26	71	1	1	4	57	
24	71	1	1	4	58	
25	71	1	1	4	59	
24	72	1	1	4	60	
25	72	1	1	4	61	
24	73	1	1	4	62	
25	73	1	1	4	63	
28	81	1	2	0	0	
29	81	1	2	0	1	
28	82	1	2	0	2	
29	82	1	2	0	3	
28	80	1	2	0	4	
29	80	1	2	0	5	
28	83	1	2	0	6	
29	83	1	2	0	7	
28	84	1	2	0	8	
29	84	1	2	0	9	
28	79	1	2	0	10	
29	79	1	2	0	11	
28	85	1	2	0	12	
29	85	1	2	0	13	
28	86	1	2	0	14	
29	86	1	2	0	15	
28	87	1	2	0	16	
29	87	1	2	0	17	
28	78	1	2	0	18	
29	78	1	2	0	19	
27	86	1	2	0	20	
30	87	1	2	0	21	
27	85	1	2	0	22	
30	86	1	2	0	23	
27	84	1	2	0	24	
30	85	1	2	0	25	
28	77	1	2	0	26	
29	77	1	2	0	27	
27	83	1	2	0	28	
30	84	1	2	0	29	
27	82	1	2	0	30	
30	83	1	2	0	31	
27	81	1	2	0	32	
30	82	1	2	0	33	
28	76	1	2	0	34	
29	76	1	2	0	35	
27	80	1	2	0	36	
30	81	1	2	0	37	
27	79	1	2	0	38	
30	80	1	2	0	39	
27	78	1	2	0	40	
30	79	1	2	0	41	
28	75	1	2	0	42	
29	75	1	2	0	43	
27	77	1	2	0	44	
30	78	1	2	0	45	
27	76	1	2	0	46	
30	77	1	2	0	47	
27	75	1	2	0	48	
30	76	1	2	0	49	
28	74	1	2	0	50	
29	74	1	2	0	51	
27	74	1	2	0	52	
30	75	1	2	0	53	
27	73	1	2	0	54	
30	74	1	2	0	55	
27	72	1	2	0	56	
30	73	1	2	0	57	
28	73	1	2	0	58	
29	73	1	2	0	59	
27	71	1	2	0	60	
30	72	1	2	0	61	
28	72	1	2	0	62	
29	72	1	2	0	63	
32	81	1	2	1	0	
33	81	1	2	1	1	
32	80	1	2	1	2	
33	80	1	2	1	3	
32	82	1	2	1	4	
33	82	1	2	1	5	
32	83	1	2	1	6	
33	83	1	2	1	7	
32	84	1	2	1	8	
33	84	1	2	1	9	
32	79	1	2	1	10	
33	79	1	2	1	11	
32	85	1	2	1	12	
33	85	1	2	1	13	
32	86	1	2	1	14	
33	86	1	2	1	15	
32	87	1	2	1	16	
33	87	1	2	1	17	
32	78	1	2	1	18	
33	78	1	2	1	19	
31	87	1	2	1	20	
34	87	1	2	1	21	
31	86	1	2	1	22	
34	86	1	2	1	23	
31	85	1	2	1	24	
34	85	1	2	1	25	
32	77	1	2	1	26	
33	77	1	2	1	27	
31	84	1	2	1	28	
34	84	1	2	1	29	
31	83	1	2	1	30	
34	83	1	2	1	31	
31	82	1	2	1	32	
34	82	1	2	1	33	
32	76	1	2	1	34	
33	76	1	2	1	35	
31	81	1	2	1	36	
34	81	1	2	1	37	
31	80	1	2	1	38	
34	80	1	2	1	39	
31	79	1	2	1	40	
34	79	1	2	1	41	
32	75	1	2	1	42	
33	75	1	2	1	43	
31	78	1	2	1	44	
34	78	1	2	1	45	
31	77	1	2	1	46	
34	77	1	2	1	47	
31	76	1	2	1	48	
34	76	1	2	1	49	
32	74	1	2	1	50	
33	74	1	2	1	51	
31	75	1	2	1	52	
34	75	1	2	1	53	
31	74	1	2	1	54	
34	74	1	2	1	55	
31	73	1	2	1	56	
34	73	1	2	1	57	
32	73	1	2	1	58	
33	73	1	2	1	59	
31	72	1	2	1	60	
34	72	1	2	1	61	
32	72	1	2	1	62	
33	72	1	2	1	63	
36	80	1	2	2	0	
37	80	1	2	2	1	
36	81	1	2	2	2	
37	81	1	2	2	3	
36	82	1	2	2	4	
37	82	1	2	2	5	
36	79	1	2	2	6	
37	79	1	2	2	7	
36	83	1	2	2	8	
37	83	1	2	2	9	
36	84	1	2	2	10	
37	84	1	2	2	11	
36	85	1	2	2	12	
37	85	1	2	2	13	
36	78	1	2	2	14	
37	78	1	2	2	15	
36	86	1	2	2	16	
37	86	1	2	2	17	
36	87	1	2	2	18	
37	87	1	2	2	19	
35	87	1	2	2	20	
38	87	1	2	2	21	
36	77	1	2	2	22	
37	77	1	2	2	23	
35	86	1	2	2	24	
38	86	1	2	2	25	
35	85	1	2	2	26	
38	85	1	2	2	27	
35	84	1	2	2	28	
38	84	1	2	2	29	
36	76	1	2	2	30	
37	76	1	2	2	31	
35	83	1	2	2	32	
38	83	1	2	2	33	
35	82	1	2	2	34	
38	82	1	2	2	35	
35	81	1	2	2	36	
38	81	1	2	2	37	
36	75	1	2	2	38	
37	75	1	2	2	39	
35	80	1	2	2	40	
38	80	1	2	2	41	
35	79	1	2	2	42	
38	79	1	2	2	43	
35	78	1	2	2	44	
38	78	1	2	2	45	
35	77	1	2	2	46	
38	77	1	2	2	47	
36	74	1	2	2	48	
37	74	1	2	2	49	
35	76	1	2	2	50	
38	76	1	2	2	51	
35	75	1	2	2	52	
38	75	1	2	2	53	
35	74	1	2	2	54	
38	74	1	2	2	55	
36	73	1	2	2	56	
37	73	1	2	2	57	
35	73	1	2	2	58	
38	73	1	2	2	59	
35	72	1	2	2	60	
38	72	1	2	2	61	
36	72	1	2	2	62	
37	72	1	2	2	63	
40	83	1	2	3	0	
41	83	1	2	3	1	
40	82	1	2	3	2	
41	82	1	2	3	3	
40	84	1	2	3	4	
41	84	1	2	3	5	
40	85	1	2	3	6	
41	85	1	2	3	7	
40	81	1	2	3	8	
41	81	1	2	3	9	
40	86	1	2	3	10	
41	86	1	2	3	11	
40	87	1	2	3	12	
41	87	1	2	3	13	
40	88	1	2	3	14	
41	88	1	2	3	15	
40	80	1	2	3	16	
41	80	1	2	3	17	
39	88	1	2	3	18	
42	88	1	2	3	19	
39	87	1	2	3	20	
42	87	1	2	3	21	
39	86	1	2	3	22	
42	86	1	2	3	23	
40	79	1	2	3	24	
41	79	1	2	3	25	
39	85	1	2	3	26	
42	85	1	2	3	27	
39	84	1	2	3	28	
42	84	1	2	3	29	
39	83	1	2	3	30	
42	83	1	2	3	31	
40	78	1	2	3	32	
41	78	1	2	3	33	
39	82	1	2	3	34	
42	82	1	2	3	35	
39	81	1	2	3	36	
42	81	1	2	3	37	
39	80	1	2	3	38	
42	80	1	2	3	39	
39	79	1	2	3	40	
42	79	1	2	3	41	
40	77	1	2	3	42	
41	77	1	2	3	43	
39	78	1	2	3	44	
42	78	1	2	3	45	
39	77	1	2	3	46	
42	77	1	2	3	47	
39	76	1	2	3	48	
42	76	1	2	3	49	
40	76	1	2	3	50	
41	76	1	2	3	51	
39	75	1	2	3	52	
42	75	1	2	3	53	
39	74	1	2	3	54	
42	74	1	2	3	55	
39	73	1	2	3	56	
42	73	1	2	3	57	
40	75	1	2	3	58	
41	75	1	2	3	59	
40	73	1	2	3	60	
41	73	1	2	3	61	
40	74	1	2	3	62	
41	74	1	2	3	63	
43	82	1	2	4	0	
44	82	1	2	4	1	
43	83	1	2	4	2	
44	83	1	2	4	3	
44	84	1	2	4	4	
44	85	1	2	4	5	
43	84	1	2	4	6	
44	86	1	2	4	7	
43	81	1	2	4	8	
44	81	1	2	4	9	
43	85	1	2	4	10	
44	87	1	2	4	11	
44	88	1	2	4	12	
45	88	1	2	4	13	
43	86	1	2	4	14	
45	87	1	2	4	15	
43	80	1	2	4	16	
44	80	1	2	4	17	
43	87	1	2	4	18	
45	86	1	2	4	19	
43	88	1	2	4	20	
46	89	1	2	4	21	
47	89	1	2	4	22	
46	88	1	2	4	23	
43	79	1	2	4	24	
44	79	1	2	4	25	
47	88	1	2	4	26	
46	87	1	2	4	27	
47	87	1	2	4	28	
45	80	1	2	4	29	
45	81	1	2	4	30	
45	82	1	2	4	31	
43	78	1	2	4	32	
44	78	1	2	4	33	
45	83	1	2	4	34	
45	84	1	2	4	35	
45	85	1	2	4	36	
46	86	1	2	4	37	
47	86	1	2	4	38	
45	79	1	2	4	39	
43	77	1	2	4	40	
44	77	1	2	4	41	
46	85	1	2	4	42	
47	85	1	2	4	43	
46	84	1	2	4	44	
47	84	1	2	4	45	
45	78	1	2	4	46	
46	83	1	2	4	47	
47	83	1	2	4	48	
46	82	1	2	4	49	
43	76	1	2	4	50	
44	76	1	2	4	51	
47	82	1	2	4	52	
46	78	1	2	4	53	
46	79	1	2	4	54	
45	77	1	2	4	55	
46	80	1	2	4	56	
46	81	1	2	4	57	
43	75	1	2	4	58	
44	75	1	2	4	59	
47	81	1	2	4	60	
47	80	1	2	4	61	
47	79	1	2	4	62	
47	78	1	2	4	63	
58	37	1	3	0	0	
58	36	1	3	0	1	
58	38	1	3	0	2	
58	35	1	3	0	3	
58	34	1	3	0	4	
58	33	1	3	0	5	
57	37	1	3	0	6	
57	36	1	3	0	7	
57	35	1	3	0	9	
57	34	1	3	0	10	
57	33	1	3	0	11	
56	33	1	3	0	14	
56	34	1	3	0	15	
56	35	1	3	0	16	
56	36	1	3	0	17	
56	37	1	3	0	18	
55	33	1	3	0	19	
55	34	1	3	0	20	
54	33	1	3	0	21	
53	33	1	3	0	22	
52	33	1	3	0	23	
51	33	1	3	0	24	
50	33	1	3	0	25	
49	33	1	3	0	26	
48	33	1	3	0	27	
55	35	1	3	0	28	
55	36	1	3	0	29	
55	37	1	3	0	30	
54	35	1	3	0	31	
54	34	1	3	0	32	
53	34	1	3	0	33	
52	34	1	3	0	34	
51	34	1	3	0	35	
50	34	1	3	0	36	
49	34	1	3	0	37	
48	34	1	3	0	38	
54	36	1	3	0	39	
54	37	1	3	0	40	
53	35	1	3	0	41	
53	37	1	3	0	42	
52	35	1	3	0	43	
52	38	1	3	0	44	
51	35	1	3	0	45	
51	38	1	3	0	46	
53	36	1	3	0	47	
50	38	1	3	0	48	
50	35	1	3	0	49	
49	38	1	3	0	50	
49	35	1	3	0	51	
48	38	1	3	0	52	
48	35	1	3	0	53	
52	37	1	3	0	54	
52	36	1	3	0	55	
48	37	1	3	0	56	
48	36	1	3	0	57	
49	37	1	3	0	58	
49	36	1	3	0	59	
50	37	1	3	0	60	
50	36	1	3	0	61	
51	37	1	3	0	62	
51	36	1	3	0	63	
60	43	1	3	1	0	
61	43	1	3	1	1	
60	44	1	3	1	2	
61	44	1	3	1	3	
60	45	1	3	1	4	
61	45	1	3	1	5	
60	46	1	3	1	6	
61	46	1	3	1	7	
60	47	1	3	1	8	
61	47	1	3	1	9	
60	42	1	3	1	10	
61	42	1	3	1	11	
59	47	1	3	1	12	
62	47	1	3	1	13	
59	46	1	3	1	14	
62	46	1	3	1	15	
59	45	1	3	1	16	
62	45	1	3	1	17	
59	44	1	3	1	18	
62	44	1	3	1	19	
60	41	1	3	1	20	
61	41	1	3	1	21	
59	43	1	3	1	22	
62	43	1	3	1	23	
59	42	1	3	1	24	
62	42	1	3	1	25	
58	42	1	3	1	26	
62	41	1	3	1	27	
59	41	1	3	1	28	
61	40	1	3	1	29	
60	40	1	3	1	30	
62	40	1	3	1	31	
58	41	1	3	1	32	
59	40	1	3	1	33	
58	40	1	3	1	34	
62	39	1	3	1	35	
60	39	1	3	1	36	
61	39	1	3	1	37	
58	39	1	3	1	38	
59	39	1	3	1	39	
59	38	1	3	1	40	
62	38	1	3	1	41	
59	37	1	3	1	42	
62	37	1	3	1	43	
60	38	1	3	1	44	
61	38	1	3	1	45	
59	36	1	3	1	46	
62	36	1	3	1	47	
59	35	1	3	1	48	
62	35	1	3	1	49	
59	34	1	3	1	50	
62	34	1	3	1	51	
59	33	1	3	1	52	
62	33	1	3	1	53	
60	37	1	3	1	54	
61	37	1	3	1	55	
60	33	1	3	1	56	
61	33	1	3	1	57	
60	34	1	3	1	58	
61	34	1	3	1	59	
60	35	1	3	1	60	
61	35	1	3	1	61	
60	36	1	3	1	62	
61	36	1	3	1	63	
63	43	1	3	2	0	
64	43	1	3	2	1	
64	44	1	3	2	2	
65	47	1	3	2	3	
64	45	1	3	2	4	
66	47	1	3	2	5	
63	42	1	3	2	6	
64	42	1	3	2	7	
64	46	1	3	2	8	
67	47	1	3	2	9	
64	47	1	3	2	10	
68	47	1	3	2	11	
63	44	1	3	2	12	
65	46	1	3	2	13	
63	45	1	3	2	14	
65	45	1	3	2	15	
63	41	1	3	2	16	
64	41	1	3	2	17	
63	46	1	3	2	18	
65	44	1	3	2	19	
63	47	1	3	2	20	
65	43	1	3	2	21	
65	42	1	3	2	22	
66	46	1	3	2	23	
67	46	1	3	2	24	
68	46	1	3	2	25	
63	40	1	3	2	26	
64	40	1	3	2	27	
66	45	1	3	2	28	
67	45	1	3	2	29	
68	45	1	3	2	30	
66	44	1	3	2	31	
67	44	1	3	2	32	
68	44	1	3	2	33	
65	39	1	3	2	34	
66	43	1	3	2	35	
63	39	1	3	2	36	
64	39	1	3	2	37	
65	38	1	3	2	38	
67	35	1	3	2	40	
66	36	1	3	2	41	
67	34	1	3	2	42	
66	35	1	3	2	43	
67	33	1	3	2	44	
66	34	1	3	2	45	
63	38	1	3	2	46	
64	38	1	3	2	47	
65	37	1	3	2	48	
66	33	1	3	2	49	
65	35	1	3	2	50	
65	36	1	3	2	51	
65	33	1	3	2	52	
65	34	1	3	2	53	
63	33	1	3	2	54	
64	33	1	3	2	55	
63	37	1	3	2	56	
64	37	1	3	2	57	
63	34	1	3	2	58	
64	34	1	3	2	59	
63	35	1	3	2	60	
64	35	1	3	2	61	
63	36	1	3	2	62	
64	36	1	3	2	63	
68	43	1	3	3	0	
67	43	1	3	3	1	
68	41	1	3	3	2	
68	42	1	3	3	3	
73	40	1	3	3	4	
74	40	1	3	3	5	
72	40	1	3	3	6	
67	42	1	3	3	7	
70	40	1	3	3	8	
71	40	1	3	3	9	
74	39	1	3	3	10	
69	40	1	3	3	11	
72	39	1	3	3	12	
73	39	1	3	3	13	
66	42	1	3	3	14	
68	40	1	3	3	15	
71	39	1	3	3	17	
66	41	1	3	3	18	
70	39	1	3	3	19	
69	39	1	3	3	20	
67	41	1	3	3	21	
65	41	1	3	3	22	
68	39	1	3	3	23	
66	40	1	3	3	24	
67	40	1	3	3	25	
72	38	1	3	3	26	
73	38	1	3	3	27	
70	38	1	3	3	28	
71	38	1	3	3	29	
65	40	1	3	3	30	
73	37	1	3	3	31	
66	39	1	3	3	32	
72	37	1	3	3	33	
69	38	1	3	3	34	
71	37	1	3	3	35	
68	38	1	3	3	36	
67	39	1	3	3	37	
71	36	1	3	3	38	
72	36	1	3	3	39	
72	35	1	3	3	40	
70	37	1	3	3	41	
70	36	1	3	3	42	
71	35	1	3	3	43	
66	38	1	3	3	44	
70	35	1	3	3	45	
71	34	1	3	3	46	
67	38	1	3	3	47	
69	37	1	3	3	48	
71	33	1	3	3	49	
70	34	1	3	3	50	
68	37	1	3	3	51	
69	36	1	3	3	52	
70	33	1	3	3	53	
69	34	1	3	3	54	
69	35	1	3	3	55	
66	37	1	3	3	56	
69	33	1	3	3	57	
68	36	1	3	3	58	
67	37	1	3	3	59	
68	34	1	3	3	60	
68	35	1	3	3	61	
67	36	1	3	3	62	
68	33	1	3	3	63	
73	48	1	3	4	0	
74	48	1	3	4	1	
75	48	1	3	4	2	
76	48	1	3	4	3	
77	48	1	3	4	4	
69	47	1	3	4	5	
78	48	1	3	4	6	
70	47	1	3	4	7	
71	47	1	3	4	8	
72	47	1	3	4	9	
73	47	1	3	4	10	
74	47	1	3	4	11	
75	47	1	3	4	12	
76	47	1	3	4	13	
77	47	1	3	4	14	
69	46	1	3	4	15	
78	47	1	3	4	16	
70	46	1	3	4	17	
71	46	1	3	4	18	
72	46	1	3	4	19	
73	46	1	3	4	20	
74	46	1	3	4	21	
75	46	1	3	4	22	
76	46	1	3	4	23	
77	46	1	3	4	24	
69	45	1	3	4	25	
70	45	1	3	4	26	
71	45	1	3	4	27	
72	45	1	3	4	28	
73	45	1	3	4	29	
74	45	1	3	4	30	
75	45	1	3	4	31	
76	45	1	3	4	32	
69	44	1	3	4	33	
77	45	1	3	4	34	
70	44	1	3	4	35	
71	44	1	3	4	36	
72	44	1	3	4	37	
73	44	1	3	4	38	
74	44	1	3	4	39	
75	44	1	3	4	40	
76	44	1	3	4	41	
70	43	1	3	4	42	
69	43	1	3	4	43	
71	43	1	3	4	44	
72	43	1	3	4	45	
73	43	1	3	4	46	
74	43	1	3	4	47	
75	43	1	3	4	48	
76	43	1	3	4	49	
70	42	1	3	4	50	
71	42	1	3	4	51	
72	42	1	3	4	52	
69	42	1	3	4	53	
73	42	1	3	4	54	
74	42	1	3	4	55	
75	42	1	3	4	56	
75	41	1	3	4	57	
74	41	1	3	4	58	
73	41	1	3	4	59	
72	41	1	3	4	60	
71	41	1	3	4	61	
70	41	1	3	4	62	
69	41	1	3	4	63	
59	56	1	4	0	0	
60	56	1	4	0	1	
59	55	1	4	0	2	
60	55	1	4	0	3	
59	57	1	4	0	4	
60	57	1	4	0	5	
59	58	1	4	0	6	
60	58	1	4	0	7	
58	58	1	4	0	8	
61	58	1	4	0	9	
59	54	1	4	0	10	
60	54	1	4	0	11	
58	57	1	4	0	12	
62	58	1	4	0	13	
58	56	1	4	0	14	
63	58	1	4	0	15	
61	57	1	4	0	16	
62	57	1	4	0	17	
63	57	1	4	0	18	
61	56	1	4	0	19	
59	53	1	4	0	20	
60	53	1	4	0	21	
58	55	1	4	0	22	
62	56	1	4	0	23	
58	54	1	4	0	24	
63	56	1	4	0	25	
58	53	1	4	0	26	
61	55	1	4	0	27	
57	53	1	4	0	28	
62	55	1	4	0	29	
59	52	1	4	0	30	
60	52	1	4	0	31	
58	52	1	4	0	32	
61	54	1	4	0	33	
57	52	1	4	0	34	
62	54	1	4	0	35	
57	51	1	4	0	36	
61	53	1	4	0	37	
58	51	1	4	0	38	
62	53	1	4	0	39	
59	51	1	4	0	40	
60	51	1	4	0	41	
61	52	1	4	0	42	
62	52	1	4	0	43	
61	51	1	4	0	44	
62	51	1	4	0	45	
57	50	1	4	0	46	
62	50	1	4	0	47	
58	50	1	4	0	48	
61	50	1	4	0	49	
59	50	1	4	0	50	
60	50	1	4	0	51	
57	49	1	4	0	52	
62	49	1	4	0	53	
58	49	1	4	0	54	
61	49	1	4	0	55	
57	48	1	4	0	56	
62	48	1	4	0	57	
59	49	1	4	0	58	
60	49	1	4	0	59	
58	48	1	4	0	60	
61	48	1	4	0	61	
59	48	1	4	0	62	
60	48	1	4	0	63	
65	56	1	4	1	0	
66	56	1	4	1	1	
65	57	1	4	1	2	
66	57	1	4	1	3	
65	58	1	4	1	4	
66	58	1	4	1	5	
65	55	1	4	1	6	
66	55	1	4	1	7	
64	58	1	4	1	8	
67	58	1	4	1	9	
64	57	1	4	1	10	
68	58	1	4	1	11	
65	54	1	4	1	12	
66	54	1	4	1	13	
64	56	1	4	1	14	
67	57	1	4	1	15	
64	55	1	4	1	16	
68	57	1	4	1	17	
63	55	1	4	1	18	
67	56	1	4	1	19	
64	54	1	4	1	20	
68	56	1	4	1	21	
65	53	1	4	1	22	
66	53	1	4	1	23	
63	54	1	4	1	24	
67	55	1	4	1	25	
64	53	1	4	1	26	
68	55	1	4	1	27	
63	53	1	4	1	28	
67	54	1	4	1	29	
63	52	1	4	1	30	
68	54	1	4	1	31	
65	52	1	4	1	32	
66	52	1	4	1	33	
64	52	1	4	1	34	
67	53	1	4	1	35	
63	51	1	4	1	36	
68	53	1	4	1	37	
64	51	1	4	1	38	
67	52	1	4	1	39	
65	51	1	4	1	40	
66	51	1	4	1	41	
63	50	1	4	1	42	
68	52	1	4	1	43	
64	50	1	4	1	44	
67	51	1	4	1	45	
63	49	1	4	1	46	
68	51	1	4	1	47	
64	49	1	4	1	48	
68	50	1	4	1	49	
65	50	1	4	1	50	
66	50	1	4	1	51	
68	49	1	4	1	52	
67	50	1	4	1	53	
63	48	1	4	1	54	
67	49	1	4	1	55	
68	48	1	4	1	56	
69	48	1	4	1	57	
64	48	1	4	1	58	
67	48	1	4	1	59	
65	48	1	4	1	60	
66	48	1	4	1	61	
65	49	1	4	1	62	
66	49	1	4	1	63	
70	57	1	4	2	0	
71	57	1	4	2	1	
70	56	1	4	2	2	
71	56	1	4	2	3	
70	58	1	4	2	4	
71	58	1	4	2	5	
69	58	1	4	2	6	
72	58	1	4	2	7	
69	57	1	4	2	8	
73	58	1	4	2	9	
70	55	1	4	2	10	
71	55	1	4	2	11	
69	56	1	4	2	12	
74	58	1	4	2	13	
69	55	1	4	2	14	
75	58	1	4	2	15	
76	58	1	4	2	16	
75	57	1	4	2	17	
69	54	1	4	2	18	
74	57	1	4	2	19	
70	54	1	4	2	20	
71	54	1	4	2	21	
72	55	1	4	2	22	
72	57	1	4	2	23	
73	57	1	4	2	24	
72	56	1	4	2	25	
73	56	1	4	2	26	
73	55	1	4	2	27	
69	53	1	4	2	28	
72	54	1	4	2	29	
70	53	1	4	2	30	
71	53	1	4	2	31	
73	54	1	4	2	32	
72	53	1	4	2	33	
73	53	1	4	2	34	
73	52	1	4	2	35	
69	52	1	4	2	36	
72	52	1	4	2	37	
70	52	1	4	2	38	
71	52	1	4	2	39	
72	51	1	4	2	40	
73	51	1	4	2	41	
72	50	1	4	2	42	
73	50	1	4	2	43	
74	49	1	4	2	44	
73	49	1	4	2	45	
69	51	1	4	2	46	
75	49	1	4	2	47	
70	51	1	4	2	48	
71	51	1	4	2	49	
77	49	1	4	2	50	
76	49	1	4	2	51	
79	49	1	4	2	52	
78	49	1	4	2	53	
69	50	1	4	2	54	
72	49	1	4	2	55	
70	50	1	4	2	56	
71	50	1	4	2	57	
69	49	1	4	2	58	
72	48	1	4	2	59	
70	48	1	4	2	60	
71	48	1	4	2	61	
70	49	1	4	2	62	
71	49	1	4	2	63	
77	58	1	4	3	0	
78	58	1	4	3	1	
79	58	1	4	3	2	
76	57	1	4	3	3	
77	57	1	4	3	4	
74	56	1	4	3	5	
78	57	1	4	3	6	
79	57	1	4	3	7	
80	57	1	4	3	8	
81	57	1	4	3	9	
82	57	1	4	3	10	
75	56	1	4	3	11	
76	56	1	4	3	12	
74	55	1	4	3	13	
77	56	1	4	3	14	
78	56	1	4	3	15	
79	56	1	4	3	16	
80	56	1	4	3	17	
81	56	1	4	3	18	
82	56	1	4	3	19	
75	55	1	4	3	20	
76	55	1	4	3	21	
77	55	1	4	3	22	
74	54	1	4	3	23	
78	55	1	4	3	24	
79	55	1	4	3	25	
80	55	1	4	3	26	
81	55	1	4	3	27	
82	55	1	4	3	28	
75	54	1	4	3	29	
76	54	1	4	3	30	
74	53	1	4	3	31	
77	54	1	4	3	32	
78	54	1	4	3	33	
79	54	1	4	3	34	
80	54	1	4	3	35	
81	54	1	4	3	36	
75	53	1	4	3	37	
76	53	1	4	3	38	
77	53	1	4	3	39	
78	53	1	4	3	40	
74	52	1	4	3	41	
79	53	1	4	3	42	
80	53	1	4	3	43	
81	53	1	4	3	44	
75	52	1	4	3	45	
76	52	1	4	3	46	
77	52	1	4	3	47	
78	52	1	4	3	48	
74	51	1	4	3	49	
79	52	1	4	3	50	
80	52	1	4	3	51	
76	51	1	4	3	52	
75	51	1	4	3	53	
78	51	1	4	3	54	
77	51	1	4	3	55	
80	51	1	4	3	56	
79	51	1	4	3	57	
75	50	1	4	3	58	
74	50	1	4	3	59	
77	50	1	4	3	60	
76	50	1	4	3	61	
79	50	1	4	3	62	
78	50	1	4	3	63	
59	68	1	5	0	0	
60	68	1	5	0	1	
59	69	1	5	0	2	
60	69	1	5	0	3	
59	67	1	5	0	4	
60	67	1	5	0	5	
59	70	1	5	0	6	
60	70	1	5	0	7	
59	71	1	5	0	8	
60	71	1	5	0	9	
58	71	1	5	0	10	
61	71	1	5	0	11	
59	66	1	5	0	12	
60	66	1	5	0	13	
58	70	1	5	0	14	
62	71	1	5	0	15	
58	69	1	5	0	16	
61	70	1	5	0	17	
58	68	1	5	0	18	
62	70	1	5	0	19	
59	65	1	5	0	20	
60	65	1	5	0	21	
58	67	1	5	0	22	
61	69	1	5	0	23	
58	66	1	5	0	24	
62	69	1	5	0	25	
58	65	1	5	0	26	
61	68	1	5	0	27	
58	64	1	5	0	28	
62	68	1	5	0	29	
59	64	1	5	0	30	
60	64	1	5	0	31	
61	67	1	5	0	32	
62	67	1	5	0	33	
61	66	1	5	0	34	
62	66	1	5	0	35	
61	65	1	5	0	36	
62	65	1	5	0	37	
59	63	1	5	0	38	
60	63	1	5	0	39	
58	63	1	5	0	40	
61	64	1	5	0	41	
62	64	1	5	0	42	
61	63	1	5	0	43	
62	63	1	5	0	44	
62	62	1	5	0	45	
61	62	1	5	0	46	
62	61	1	5	0	47	
59	62	1	5	0	48	
60	62	1	5	0	49	
58	62	1	5	0	50	
61	61	1	5	0	51	
58	61	1	5	0	52	
62	60	1	5	0	53	
58	60	1	5	0	54	
61	60	1	5	0	55	
59	61	1	5	0	56	
60	61	1	5	0	57	
58	59	1	5	0	58	
61	59	1	5	0	59	
59	59	1	5	0	60	
60	59	1	5	0	61	
59	60	1	5	0	62	
60	60	1	5	0	63	
64	68	1	5	1	0	
65	68	1	5	1	1	
64	69	1	5	1	2	
65	69	1	5	1	3	
64	67	1	5	1	4	
65	67	1	5	1	5	
64	70	1	5	1	6	
65	70	1	5	1	7	
64	71	1	5	1	8	
65	71	1	5	1	9	
63	70	1	5	1	10	
63	71	1	5	1	11	
63	68	1	5	1	12	
63	69	1	5	1	13	
64	66	1	5	1	14	
65	66	1	5	1	15	
63	66	1	5	1	16	
63	67	1	5	1	17	
66	71	1	5	1	18	
67	71	1	5	1	19	
66	70	1	5	1	20	
67	70	1	5	1	21	
64	65	1	5	1	22	
65	65	1	5	1	23	
63	65	1	5	1	24	
66	69	1	5	1	25	
67	69	1	5	1	26	
66	68	1	5	1	27	
67	68	1	5	1	28	
66	67	1	5	1	29	
64	64	1	5	1	30	
65	64	1	5	1	31	
63	64	1	5	1	32	
67	67	1	5	1	33	
66	66	1	5	1	34	
67	66	1	5	1	35	
66	65	1	5	1	36	
67	65	1	5	1	37	
66	64	1	5	1	38	
67	64	1	5	1	39	
64	63	1	5	1	40	
65	63	1	5	1	41	
63	63	1	5	1	42	
66	63	1	5	1	43	
67	62	1	5	1	44	
67	63	1	5	1	45	
63	62	1	5	1	46	
66	62	1	5	1	47	
64	62	1	5	1	48	
65	62	1	5	1	49	
63	61	1	5	1	50	
67	61	1	5	1	51	
62	59	1	5	1	52	
66	61	1	5	1	53	
63	60	1	5	1	54	
66	60	1	5	1	55	
63	59	1	5	1	56	
66	59	1	5	1	57	
64	61	1	5	1	58	
65	61	1	5	1	59	
64	59	1	5	1	60	
65	59	1	5	1	61	
64	60	1	5	1	62	
65	60	1	5	1	63	
69	68	1	5	2	0	
70	68	1	5	2	1	
69	69	1	5	2	2	
70	69	1	5	2	3	
69	70	1	5	2	4	
70	70	1	5	2	5	
68	70	1	5	2	6	
71	70	1	5	2	7	
69	67	1	5	2	8	
70	67	1	5	2	9	
68	69	1	5	2	10	
72	70	1	5	2	11	
68	68	1	5	2	12	
71	69	1	5	2	13	
68	67	1	5	2	14	
72	69	1	5	2	15	
69	66	1	5	2	16	
70	66	1	5	2	17	
68	66	1	5	2	18	
72	68	1	5	2	19	
71	68	1	5	2	20	
71	67	1	5	2	21	
72	67	1	5	2	22	
71	66	1	5	2	23	
69	65	1	5	2	24	
70	65	1	5	2	25	
68	65	1	5	2	26	
72	66	1	5	2	27	
72	65	1	5	2	28	
71	65	1	5	2	29	
71	64	1	5	2	30	
72	64	1	5	2	31	
71	63	1	5	2	32	
72	63	1	5	2	33	
69	64	1	5	2	34	
70	64	1	5	2	35	
68	64	1	5	2	36	
72	62	1	5	2	37	
72	60	1	5	2	38	
72	61	1	5	2	39	
67	60	1	5	2	40	
71	61	1	5	2	41	
69	63	1	5	2	42	
70	63	1	5	2	43	
68	63	1	5	2	44	
72	59	1	5	2	45	
67	59	1	5	2	46	
71	60	1	5	2	47	
68	60	1	5	2	48	
71	59	1	5	2	49	
68	62	1	5	2	50	
69	62	1	5	2	52	
70	62	1	5	2	53	
68	59	1	5	2	54	
69	59	1	5	2	56	
71	62	1	5	2	57	
68	61	1	5	2	58	
70	59	1	5	2	59	
69	61	1	5	2	60	
70	61	1	5	2	61	
69	60	1	5	2	62	
70	60	1	5	2	63	
74	68	1	5	3	0	
75	68	1	5	3	1	
74	67	1	5	3	2	
75	67	1	5	3	3	
73	68	1	5	3	4	
76	68	1	5	3	5	
73	67	1	5	3	6	
77	68	1	5	3	7	
73	66	1	5	3	8	
76	67	1	5	3	9	
74	66	1	5	3	10	
75	66	1	5	3	11	
76	66	1	5	3	12	
77	67	1	5	3	13	
77	65	1	5	3	14	
77	66	1	5	3	15	
77	64	1	5	3	16	
76	65	1	5	3	17	
74	65	1	5	3	18	
75	65	1	5	3	19	
73	65	1	5	3	20	
76	64	1	5	3	21	
76	63	1	5	3	22	
77	63	1	5	3	23	
80	60	1	5	3	24	
81	60	1	5	3	25	
73	64	1	5	3	26	
79	60	1	5	3	27	
74	64	1	5	3	28	
75	64	1	5	3	29	
77	60	1	5	3	30	
78	60	1	5	3	31	
82	59	1	5	3	32	
83	59	1	5	3	33	
76	62	1	5	3	34	
77	62	1	5	3	35	
74	63	1	5	3	36	
75	63	1	5	3	37	
73	63	1	5	3	38	
77	61	1	5	3	39	
81	59	1	5	3	40	
76	61	1	5	3	41	
79	59	1	5	3	42	
80	59	1	5	3	43	
74	62	1	5	3	44	
75	62	1	5	3	45	
73	62	1	5	3	46	
78	59	1	5	3	47	
76	60	1	5	3	48	
77	59	1	5	3	49	
82	58	1	5	3	50	
83	58	1	5	3	51	
73	61	1	5	3	52	
81	58	1	5	3	53	
74	61	1	5	3	54	
75	61	1	5	3	55	
73	59	1	5	3	56	
80	58	1	5	3	57	
74	59	1	5	3	58	
76	59	1	5	3	59	
73	60	1	5	3	60	
75	59	1	5	3	61	
74	60	1	5	3	62	
75	60	1	5	3	63	
78	68	1	5	4	0	
79	68	1	5	4	1	
87	67	1	5	4	2	
86	67	1	5	4	3	
85	67	1	5	4	4	
84	67	1	5	4	5	
78	67	1	5	4	6	
79	67	1	5	4	7	
80	67	1	5	4	8	
82	67	1	5	4	9	
81	67	1	5	4	10	
83	67	1	5	4	11	
78	66	1	5	4	12	
79	66	1	5	4	13	
86	66	1	5	4	14	
85	66	1	5	4	15	
84	66	1	5	4	16	
83	66	1	5	4	17	
80	66	1	5	4	18	
81	66	1	5	4	19	
82	66	1	5	4	20	
86	65	1	5	4	21	
78	65	1	5	4	22	
79	65	1	5	4	23	
85	65	1	5	4	24	
84	65	1	5	4	25	
80	65	1	5	4	26	
81	65	1	5	4	27	
82	65	1	5	4	28	
83	65	1	5	4	29	
78	64	1	5	4	30	
79	64	1	5	4	31	
85	64	1	5	4	32	
84	64	1	5	4	33	
80	64	1	5	4	34	
81	64	1	5	4	35	
82	64	1	5	4	36	
83	64	1	5	4	37	
78	63	1	5	4	38	
79	63	1	5	4	39	
85	63	1	5	4	40	
84	63	1	5	4	41	
83	63	1	5	4	42	
82	63	1	5	4	43	
80	63	1	5	4	44	
81	63	1	5	4	45	
85	62	1	5	4	46	
84	62	1	5	4	47	
78	62	1	5	4	48	
79	62	1	5	4	49	
80	62	1	5	4	50	
81	62	1	5	4	51	
82	62	1	5	4	52	
83	62	1	5	4	53	
84	61	1	5	4	54	
83	61	1	5	4	55	
78	61	1	5	4	56	
79	61	1	5	4	57	
80	61	1	5	4	58	
81	61	1	5	4	59	
82	61	1	5	4	60	
84	60	1	5	4	61	
83	60	1	5	4	62	
82	60	1	5	4	63	
51	82	1	6	0	0	
52	82	1	6	0	1	
51	83	1	6	0	2	
52	83	1	6	0	3	
51	85	1	6	0	4	
51	84	1	6	0	5	
51	86	1	6	0	6	
52	84	1	6	0	7	
51	81	1	6	0	8	
52	81	1	6	0	9	
51	87	1	6	0	10	
52	85	1	6	0	11	
50	88	1	6	0	12	
51	88	1	6	0	13	
50	87	1	6	0	14	
52	86	1	6	0	15	
51	80	1	6	0	16	
52	80	1	6	0	17	
50	86	1	6	0	18	
52	87	1	6	0	19	
49	89	1	6	0	20	
52	88	1	6	0	21	
49	88	1	6	0	22	
48	89	1	6	0	23	
51	79	1	6	0	24	
52	79	1	6	0	25	
49	87	1	6	0	26	
48	88	1	6	0	27	
50	80	1	6	0	28	
48	87	1	6	0	29	
50	82	1	6	0	30	
50	81	1	6	0	31	
51	78	1	6	0	32	
52	78	1	6	0	33	
50	84	1	6	0	34	
50	83	1	6	0	35	
49	86	1	6	0	36	
50	85	1	6	0	37	
50	79	1	6	0	38	
48	86	1	6	0	39	
51	77	1	6	0	40	
52	77	1	6	0	41	
48	85	1	6	0	42	
49	85	1	6	0	43	
48	84	1	6	0	44	
49	84	1	6	0	45	
49	83	1	6	0	46	
50	78	1	6	0	47	
49	82	1	6	0	48	
48	83	1	6	0	49	
51	76	1	6	0	50	
52	76	1	6	0	51	
49	78	1	6	0	52	
48	82	1	6	0	53	
50	77	1	6	0	54	
49	79	1	6	0	55	
49	81	1	6	0	56	
49	80	1	6	0	57	
51	75	1	6	0	58	
52	75	1	6	0	59	
48	80	1	6	0	60	
48	81	1	6	0	61	
48	78	1	6	0	62	
48	79	1	6	0	63	
54	83	1	6	1	0	
55	83	1	6	1	1	
54	82	1	6	1	2	
55	82	1	6	1	3	
54	84	1	6	1	4	
55	84	1	6	1	5	
54	85	1	6	1	6	
55	85	1	6	1	7	
54	81	1	6	1	8	
55	81	1	6	1	9	
54	86	1	6	1	10	
55	86	1	6	1	11	
54	87	1	6	1	12	
55	87	1	6	1	13	
54	88	1	6	1	14	
55	88	1	6	1	15	
54	80	1	6	1	16	
55	80	1	6	1	17	
53	88	1	6	1	18	
56	88	1	6	1	19	
53	87	1	6	1	20	
56	87	1	6	1	21	
53	86	1	6	1	22	
56	86	1	6	1	23	
54	79	1	6	1	24	
55	79	1	6	1	25	
53	85	1	6	1	26	
56	85	1	6	1	27	
53	84	1	6	1	28	
56	84	1	6	1	29	
53	83	1	6	1	30	
56	83	1	6	1	31	
54	78	1	6	1	32	
55	78	1	6	1	33	
53	82	1	6	1	34	
56	82	1	6	1	35	
53	81	1	6	1	36	
56	81	1	6	1	37	
53	80	1	6	1	38	
56	80	1	6	1	39	
53	79	1	6	1	40	
56	79	1	6	1	41	
54	77	1	6	1	42	
55	77	1	6	1	43	
53	78	1	6	1	44	
56	78	1	6	1	45	
53	77	1	6	1	46	
56	77	1	6	1	47	
53	76	1	6	1	48	
56	76	1	6	1	49	
54	76	1	6	1	50	
55	76	1	6	1	51	
53	75	1	6	1	52	
56	75	1	6	1	53	
53	74	1	6	1	54	
56	74	1	6	1	55	
53	73	1	6	1	56	
56	73	1	6	1	57	
54	75	1	6	1	58	
55	75	1	6	1	59	
54	73	1	6	1	60	
55	73	1	6	1	61	
54	74	1	6	1	62	
55	74	1	6	1	63	
58	80	1	6	2	0	
59	80	1	6	2	1	
58	81	1	6	2	2	
59	81	1	6	2	3	
58	82	1	6	2	4	
59	82	1	6	2	5	
58	79	1	6	2	6	
59	79	1	6	2	7	
58	83	1	6	2	8	
59	83	1	6	2	9	
58	84	1	6	2	10	
59	84	1	6	2	11	
58	85	1	6	2	12	
59	85	1	6	2	13	
58	78	1	6	2	14	
59	78	1	6	2	15	
58	86	1	6	2	16	
59	86	1	6	2	17	
58	87	1	6	2	18	
59	87	1	6	2	19	
57	87	1	6	2	20	
60	87	1	6	2	21	
58	77	1	6	2	22	
59	77	1	6	2	23	
57	86	1	6	2	24	
60	86	1	6	2	25	
57	85	1	6	2	26	
60	85	1	6	2	27	
57	84	1	6	2	28	
60	84	1	6	2	29	
58	76	1	6	2	30	
59	76	1	6	2	31	
57	83	1	6	2	32	
60	83	1	6	2	33	
57	82	1	6	2	34	
60	82	1	6	2	35	
57	81	1	6	2	36	
60	81	1	6	2	37	
58	75	1	6	2	38	
59	75	1	6	2	39	
57	80	1	6	2	40	
60	80	1	6	2	41	
57	79	1	6	2	42	
60	79	1	6	2	43	
57	78	1	6	2	44	
60	78	1	6	2	45	
57	77	1	6	2	46	
60	77	1	6	2	47	
58	74	1	6	2	48	
59	74	1	6	2	49	
57	76	1	6	2	50	
60	76	1	6	2	51	
57	75	1	6	2	52	
60	75	1	6	2	53	
57	74	1	6	2	54	
60	74	1	6	2	55	
58	73	1	6	2	56	
59	73	1	6	2	57	
57	73	1	6	2	58	
60	73	1	6	2	59	
57	72	1	6	2	60	
60	72	1	6	2	61	
58	72	1	6	2	62	
59	72	1	6	2	63	
62	81	1	6	3	0	
63	81	1	6	3	1	
62	80	1	6	3	2	
63	80	1	6	3	3	
62	82	1	6	3	4	
63	82	1	6	3	5	
62	83	1	6	3	6	
63	83	1	6	3	7	
62	84	1	6	3	8	
63	84	1	6	3	9	
62	79	1	6	3	10	
63	79	1	6	3	11	
62	85	1	6	3	12	
63	85	1	6	3	13	
62	86	1	6	3	14	
63	86	1	6	3	15	
62	87	1	6	3	16	
63	87	1	6	3	17	
62	78	1	6	3	18	
63	78	1	6	3	19	
61	87	1	6	3	20	
64	87	1	6	3	21	
61	86	1	6	3	22	
64	86	1	6	3	23	
61	85	1	6	3	24	
64	85	1	6	3	25	
62	77	1	6	3	26	
63	77	1	6	3	27	
61	84	1	6	3	28	
64	84	1	6	3	29	
61	83	1	6	3	30	
64	83	1	6	3	31	
61	82	1	6	3	32	
64	82	1	6	3	33	
62	76	1	6	3	34	
63	76	1	6	3	35	
61	81	1	6	3	36	
64	81	1	6	3	37	
61	80	1	6	3	38	
64	80	1	6	3	39	
61	79	1	6	3	40	
64	79	1	6	3	41	
62	75	1	6	3	42	
63	75	1	6	3	43	
61	78	1	6	3	44	
64	78	1	6	3	45	
61	77	1	6	3	46	
64	77	1	6	3	47	
61	76	1	6	3	48	
64	76	1	6	3	49	
62	74	1	6	3	50	
63	74	1	6	3	51	
61	75	1	6	3	52	
64	75	1	6	3	53	
61	74	1	6	3	54	
64	74	1	6	3	55	
61	73	1	6	3	56	
64	73	1	6	3	57	
62	73	1	6	3	58	
63	73	1	6	3	59	
61	72	1	6	3	60	
64	72	1	6	3	61	
62	72	1	6	3	62	
63	72	1	6	3	63	
66	81	1	6	4	0	
67	81	1	6	4	1	
66	82	1	6	4	2	
67	82	1	6	4	3	
66	80	1	6	4	4	
67	80	1	6	4	5	
66	83	1	6	4	6	
67	83	1	6	4	7	
66	84	1	6	4	8	
67	84	1	6	4	9	
66	79	1	6	4	10	
67	79	1	6	4	11	
66	85	1	6	4	12	
67	85	1	6	4	13	
66	86	1	6	4	14	
67	86	1	6	4	15	
66	87	1	6	4	16	
67	87	1	6	4	17	
66	78	1	6	4	18	
67	78	1	6	4	19	
65	87	1	6	4	20	
68	86	1	6	4	21	
65	86	1	6	4	22	
68	85	1	6	4	23	
65	85	1	6	4	24	
68	84	1	6	4	25	
66	77	1	6	4	26	
67	77	1	6	4	27	
65	84	1	6	4	28	
68	83	1	6	4	29	
65	83	1	6	4	30	
68	82	1	6	4	31	
65	82	1	6	4	32	
68	81	1	6	4	33	
66	76	1	6	4	34	
67	76	1	6	4	35	
65	81	1	6	4	36	
68	80	1	6	4	37	
65	80	1	6	4	38	
68	79	1	6	4	39	
65	79	1	6	4	40	
68	78	1	6	4	41	
66	75	1	6	4	42	
67	75	1	6	4	43	
65	78	1	6	4	44	
68	77	1	6	4	45	
65	77	1	6	4	46	
68	76	1	6	4	47	
65	76	1	6	4	48	
68	75	1	6	4	49	
66	74	1	6	4	50	
67	74	1	6	4	51	
65	75	1	6	4	52	
68	74	1	6	4	53	
65	74	1	6	4	54	
68	73	1	6	4	55	
65	73	1	6	4	56	
68	72	1	6	4	57	
66	73	1	6	4	58	
67	73	1	6	4	59	
65	72	1	6	4	60	
68	71	1	6	4	61	
66	72	1	6	4	62	
67	72	1	6	4	63	
70	81	1	7	0	0	
71	81	1	7	0	1	
70	82	1	7	0	2	
71	82	1	7	0	3	
70	83	1	7	0	4	
71	83	1	7	0	5	
70	80	1	7	0	6	
71	80	1	7	0	7	
70	84	1	7	0	8	
71	84	1	7	0	9	
70	85	1	7	0	10	
71	85	1	7	0	11	
70	86	1	7	0	12	
71	86	1	7	0	13	
70	79	1	7	0	14	
71	79	1	7	0	15	
69	86	1	7	0	16	
72	86	1	7	0	17	
69	85	1	7	0	18	
72	85	1	7	0	19	
69	84	1	7	0	20	
72	84	1	7	0	21	
70	78	1	7	0	22	
71	78	1	7	0	23	
69	83	1	7	0	24	
72	83	1	7	0	25	
69	82	1	7	0	26	
72	82	1	7	0	27	
69	81	1	7	0	28	
72	81	1	7	0	29	
70	77	1	7	0	30	
71	77	1	7	0	31	
69	80	1	7	0	32	
72	80	1	7	0	33	
69	79	1	7	0	34	
72	79	1	7	0	35	
69	78	1	7	0	36	
72	78	1	7	0	37	
70	76	1	7	0	38	
71	76	1	7	0	39	
69	77	1	7	0	40	
72	77	1	7	0	41	
69	76	1	7	0	42	
72	76	1	7	0	43	
69	75	1	7	0	44	
72	75	1	7	0	45	
70	75	1	7	0	46	
71	75	1	7	0	47	
69	74	1	7	0	48	
72	74	1	7	0	49	
69	73	1	7	0	50	
72	73	1	7	0	51	
69	72	1	7	0	52	
72	72	1	7	0	53	
70	74	1	7	0	54	
71	74	1	7	0	55	
69	71	1	7	0	56	
72	71	1	7	0	57	
70	71	1	7	0	58	
71	71	1	7	0	59	
70	72	1	7	0	60	
71	72	1	7	0	61	
70	73	1	7	0	62	
71	73	1	7	0	63	
73	78	1	7	1	0	
74	78	1	7	1	1	
74	81	1	7	1	2	
74	82	1	7	1	3	
74	83	1	7	1	4	
74	84	1	7	1	5	
74	85	1	7	1	6	
75	80	1	7	1	7	
73	77	1	7	1	8	
74	77	1	7	1	9	
74	79	1	7	1	10	
75	79	1	7	1	11	
74	80	1	7	1	12	
75	81	1	7	1	13	
73	85	1	7	1	14	
75	82	1	7	1	15	
73	76	1	7	1	16	
74	76	1	7	1	17	
73	84	1	7	1	18	
75	83	1	7	1	19	
73	83	1	7	1	20	
75	84	1	7	1	21	
73	79	1	7	1	22	
75	78	1	7	1	23	
73	75	1	7	1	24	
74	75	1	7	1	25	
73	82	1	7	1	26	
75	85	1	7	1	27	
73	81	1	7	1	28	
75	76	1	7	1	29	
73	80	1	7	1	30	
75	75	1	7	1	31	
73	74	1	7	1	32	
74	74	1	7	1	33	
75	77	1	7	1	34	
76	84	1	7	1	35	
76	83	1	7	1	36	
76	82	1	7	1	37	
76	81	1	7	1	38	
76	80	1	7	1	39	
73	73	1	7	1	40	
74	73	1	7	1	41	
77	81	1	7	1	43	
75	74	1	7	1	47	
73	72	1	7	1	48	
74	72	1	7	1	49	
75	72	1	7	1	50	
75	73	1	7	1	51	
78	69	1	7	1	52	
75	71	1	7	1	53	
75	70	1	7	1	54	
77	69	1	7	1	55	
73	71	1	7	1	56	
74	71	1	7	1	57	
75	69	1	7	1	58	
76	69	1	7	1	59	
73	69	1	7	1	60	
74	69	1	7	1	61	
73	70	1	7	1	62	
74	70	1	7	1	63	
76	79	1	7	2	0	
77	79	1	7	2	1	
76	78	1	7	2	2	
77	78	1	7	2	3	
78	82	1	7	2	4	
77	80	1	7	2	5	
77	84	1	7	2	6	
78	83	1	7	2	7	
77	83	1	7	2	8	
78	81	1	7	2	9	
76	77	1	7	2	10	
77	77	1	7	2	11	
77	82	1	7	2	12	
79	83	1	7	2	13	
79	82	1	7	2	14	
79	81	1	7	2	15	
78	79	1	7	2	16	
78	80	1	7	2	17	
76	76	1	7	2	18	
77	76	1	7	2	19	
80	83	1	7	2	20	
80	82	1	7	2	21	
79	80	1	7	2	22	
80	81	1	7	2	23	
81	82	1	7	2	24	
82	82	1	7	2	25	
76	75	1	7	2	26	
77	75	1	7	2	27	
78	78	1	7	2	28	
78	77	1	7	2	29	
81	81	1	7	2	30	
78	76	1	7	2	31	
82	81	1	7	2	32	
78	75	1	7	2	33	
76	74	1	7	2	34	
77	74	1	7	2	35	
79	79	1	7	2	36	
78	74	1	7	2	37	
83	81	1	7	2	38	
80	80	1	7	2	39	
83	80	1	7	2	40	
81	80	1	7	2	41	
76	73	1	7	2	42	
77	73	1	7	2	43	
78	73	1	7	2	44	
82	80	1	7	2	45	
84	81	1	7	2	46	
84	80	1	7	2	47	
85	81	1	7	2	48	
85	80	1	7	2	49	
76	72	1	7	2	50	
77	72	1	7	2	51	
85	79	1	7	2	52	
84	79	1	7	2	53	
81	79	1	7	2	54	
82	79	1	7	2	55	
80	79	1	7	2	56	
78	72	1	7	2	57	
76	71	1	7	2	58	
77	71	1	7	2	59	
78	70	1	7	2	60	
78	71	1	7	2	61	
76	70	1	7	2	62	
77	70	1	7	2	63	
79	78	1	7	3	0	
80	78	1	7	3	1	
83	79	1	7	3	2	
86	80	1	7	3	3	
86	79	1	7	3	4	
87	80	1	7	3	5	
80	77	1	7	3	6	
87	79	1	7	3	7	
85	78	1	7	3	8	
81	78	1	7	3	9	
83	78	1	7	3	10	
80	76	1	7	3	11	
82	78	1	7	3	12	
84	78	1	7	3	13	
88	80	1	7	3	14	
88	79	1	7	3	15	
88	78	1	7	3	16	
87	78	1	7	3	17	
81	77	1	7	3	18	
81	76	1	7	3	19	
80	75	1	7	3	20	
81	75	1	7	3	21	
86	78	1	7	3	22	
88	77	1	7	3	23	
82	77	1	7	3	24	
87	77	1	7	3	25	
83	77	1	7	3	26	
84	77	1	7	3	27	
86	77	1	7	3	28	
85	77	1	7	3	29	
80	74	1	7	3	30	
81	74	1	7	3	31	
79	74	1	7	3	32	
81	73	1	7	3	33	
79	73	1	7	3	34	
80	73	1	7	3	35	
81	71	1	7	3	36	
81	72	1	7	3	37	
81	69	1	7	3	38	
81	70	1	7	3	39	
79	75	1	7	3	40	
79	76	1	7	3	41	
79	72	1	7	3	42	
80	72	1	7	3	43	
79	77	1	7	3	44	
83	69	1	7	3	45	
85	69	1	7	3	46	
84	69	1	7	3	47	
87	69	1	7	3	48	
86	69	1	7	3	49	
79	71	1	7	3	50	
80	71	1	7	3	51	
86	68	1	7	3	52	
87	68	1	7	3	53	
81	68	1	7	3	54	
85	68	1	7	3	55	
83	68	1	7	3	56	
82	68	1	7	3	57	
80	68	1	7	3	58	
84	68	1	7	3	59	
79	70	1	7	3	60	
80	70	1	7	3	61	
79	69	1	7	3	62	
80	69	1	7	3	63	
89	79	1	7	4	0	
89	78	1	7	4	1	
89	77	1	7	4	2	
90	79	1	7	4	3	
90	78	1	7	4	4	
82	76	1	7	4	5	
90	77	1	7	4	6	
91	78	1	7	4	7	
83	76	1	7	4	8	
84	76	1	7	4	9	
85	76	1	7	4	10	
82	75	1	7	4	11	
86	76	1	7	4	12	
87	76	1	7	4	13	
83	75	1	7	4	14	
88	76	1	7	4	15	
89	76	1	7	4	16	
90	76	1	7	4	17	
90	75	1	7	4	18	
89	75	1	7	4	19	
88	75	1	7	4	20	
84	75	1	7	4	21	
82	74	1	7	4	22	
83	74	1	7	4	23	
84	74	1	7	4	24	
85	75	1	7	4	25	
86	75	1	7	4	26	
87	75	1	7	4	27	
82	73	1	7	4	28	
83	73	1	7	4	29	
89	74	1	7	4	30	
88	74	1	7	4	31	
87	74	1	7	4	32	
86	74	1	7	4	33	
85	74	1	7	4	34	
84	73	1	7	4	35	
85	73	1	7	4	36	
86	73	1	7	4	37	
82	72	1	7	4	38	
83	72	1	7	4	39	
84	72	1	7	4	40	
85	72	1	7	4	41	
86	72	1	7	4	42	
87	73	1	7	4	43	
87	72	1	7	4	44	
88	73	1	7	4	45	
82	71	1	7	4	46	
88	72	1	7	4	47	
83	71	1	7	4	48	
89	73	1	7	4	49	
89	72	1	7	4	50	
84	71	1	7	4	51	
85	71	1	7	4	52	
86	71	1	7	4	53	
87	71	1	7	4	54	
82	70	1	7	4	55	
88	71	1	7	4	56	
83	70	1	7	4	57	
84	70	1	7	4	58	
85	70	1	7	4	59	
86	70	1	7	4	60	
87	70	1	7	4	61	
88	70	1	7	4	62	
82	69	1	7	4	63	

[ Rich Unconnected Channels ]

RC	Port	Module	Channel	
0	1	4	22	
0	1	4	30	
0	1	4	31	
0	1	4	32	
0	1	4	33	
0	1	4	40	
0	2	0	9	
0	2	0	10	
0	2	0	11	
0	2	0	16	
0	2	0	17	
0	2	0	18	
0	2	0	19	
0	2	1	42	
0	2	1	44	
0	2	1	46	
0	2	1	48	
0	2	1	52	
0	2	1	53	
0	2	1	55	
0	3	0	17	
0	3	1	38	
0	3	3	50	
0	3	3	51	
0	3	3	54	
0	4	0	16	
0	4	0	17	
0	4	0	19	
0	4	0	21	
0	4	0	26	
0	4	1	30	
0	4	1	31	
0	4	1	32	
0	4	1	36	
0	4	2	30	
0	4	2	31	
0	4	2	33	
0	4	2	37	
0	4	3	16	
0	4	3	17	
0	4	3	18	
0	4	3	20	
0	4	3	27	
0	6	0	15	
0	6	0	16	
0	6	0	17	
0	6	0	18	
0	6	0	19	
0	6	0	25	
0	6	0	26	
0	6	0	27	
0	6	0	31	
0	6	0	34	
0	6	0	35	
0	6	0	37	
0	6	0	42	
0	6	0	43	
0	6	3	14	
0	6	3	16	
0	6	3	17	
0	6	3	18	
0	6	3	19	
0	6	3	24	
0	6	3	26	
0	6	3	27	
0	6	3	30	
0	6	3	34	
0	6	3	35	
0	6	3	36	
0	6	3	42	
0	6	3	43	
0	7	2	50	
0	7	2	54	
1	1	3	43	
1	1	3	44	
1	1	3	45	
1	1	3	47	
1	3	0	8	
1	3	0	12	
1	3	0	13	
1	3	2	39	
1	3	3	16	
1	5	2	51	
1	5	2	55	
1	7	1	42	
1	7	1	44	
1	7	1	45	
1	7	1	46	

